/*--------------------------------*- C++ -*----------------------------------*\
  =========                 |
  \\      /  F ield         | OpenFOAM: The Open Source CFD Toolbox
   \\    /   O peration     | Website:  https://openfoam.org
    \\  /    A nd           | Version:  6
     \\/     M anipulation  |
\*---------------------------------------------------------------------------*/
FoamFile
{
    version     2.0;
    format      ascii;
    class       volScalarField;
    location    "1";
    object      T;
}
// * * * * * * * * * * * * * * * * * * * * * * * * * * * * * * * * * * * * * //

dimensions      [0 0 0 1 0 0 0];

internalField   nonuniform List<scalar> 
6400
(
0.5
0.118034
0.027864
0.00657781
0.00155281
0.000366569
8.65351e-05
2.04282e-05
4.82244e-06
1.13842e-06
2.68745e-07
6.34421e-08
1.49767e-08
3.53551e-09
8.34621e-10
1.97027e-10
4.65118e-11
1.09799e-11
2.59201e-12
6.11892e-13
1.44448e-13
3.40996e-14
8.04981e-15
1.9003e-15
4.48601e-16
1.059e-16
2.49997e-17
5.90162e-18
1.39318e-18
3.28886e-19
7.76394e-20
1.83282e-20
4.3267e-21
1.02139e-21
2.41119e-22
5.69204e-23
1.34371e-23
3.17206e-24
7.48823e-25
1.76773e-25
4.17305e-26
9.85123e-27
2.32556e-27
5.4899e-28
1.29599e-28
3.05942e-29
7.2223e-30
1.70495e-30
4.02485e-31
9.50138e-32
2.24297e-32
5.29494e-33
1.24997e-33
2.95077e-34
6.96582e-35
1.64441e-35
3.88192e-36
9.16397e-37
2.16332e-37
5.1069e-38
1.20558e-38
2.84598e-39
6.71845e-40
1.58601e-40
3.74406e-41
8.83853e-42
2.08649e-42
4.92555e-43
1.16276e-43
2.74491e-44
6.47986e-45
1.52969e-45
3.6111e-46
8.52465e-47
2.0124e-47
4.75062e-48
1.1215e-48
2.64623e-49
6.30057e-50
1.26011e-50
0.881966
0.5
0.190757
0.0670502
0.0224951
0.0073289
0.00234128
0.000737744
0.000230184
7.13027e-05
2.19684e-05
6.74114e-06
2.06221e-06
6.29384e-07
1.91741e-07
5.8333e-08
1.77275e-08
5.38297e-09
1.6335e-09
4.95447e-10
1.50213e-10
4.55291e-11
1.37965e-11
4.17993e-12
1.26621e-12
3.83528e-13
1.16158e-13
3.51782e-14
1.06531e-14
3.22596e-15
9.76852e-16
2.95793e-16
8.95649e-17
2.71195e-17
8.21147e-18
2.48631e-18
7.52814e-19
2.27938e-19
6.90152e-20
2.08964e-20
6.32697e-21
1.91567e-21
5.80021e-22
1.75617e-22
5.31727e-23
1.60994e-23
4.87453e-24
1.47589e-24
4.46864e-25
1.353e-25
4.09655e-26
1.24034e-26
3.75544e-27
1.13706e-27
3.44273e-28
1.04237e-28
3.15606e-29
9.55578e-30
2.89326e-30
8.76008e-31
2.65234e-31
8.03063e-32
2.43148e-32
7.36193e-33
2.22901e-33
6.74891e-34
2.04341e-34
6.18693e-35
1.87325e-35
5.67175e-36
1.71727e-36
5.19947e-37
1.57427e-37
4.76651e-38
1.44319e-38
4.36956e-39
1.32318e-39
4.0003e-40
1.23086e-40
3.07716e-41
0.972136
0.809243
0.5
0.223227
0.0919426
0.0358267
0.0134114
0.00487118
0.00172838
0.000601972
0.00020653
6.99864e-05
2.34722e-05
7.80368e-06
2.57516e-06
8.44334e-07
2.75293e-07
8.93195e-08
2.8855e-08
9.286e-09
2.97816e-09
9.52212e-10
3.03609e-10
9.6562e-11
3.06412e-11
9.70285e-12
3.06664e-12
9.67529e-13
3.04762e-13
9.58534e-14
3.01057e-14
9.44343e-15
2.9586e-15
9.25879e-16
2.89443e-16
9.03947e-17
2.82045e-17
8.7925e-18
2.73872e-18
8.524e-19
2.65105e-19
8.23926e-20
2.559e-20
7.94284e-21
2.46389e-21
7.63866e-22
2.36688e-22
7.33007e-23
2.26894e-23
7.0199e-24
2.1709e-24
6.71057e-25
2.07346e-25
6.40408e-26
1.97719e-26
6.1021e-27
1.88258e-27
5.806e-28
1.79001e-28
5.51691e-29
1.69981e-29
5.23571e-30
1.61222e-30
4.96308e-31
1.52743e-31
4.69955e-32
1.44558e-32
4.4455e-33
1.36677e-33
4.20117e-34
1.29106e-34
3.96671e-35
1.21849e-35
3.74217e-36
1.14905e-36
3.52747e-37
1.08287e-37
3.31787e-38
1.03509e-38
2.61849e-39
0.993422
0.93295
0.776773
0.5
0.244745
0.11104
0.047603
0.0195352
0.00774437
0.00298543
0.00112466
0.000415594
0.000151086
5.41628e-05
1.9183e-05
6.72263e-06
2.33411e-06
8.03752e-07
2.74746e-07
9.32997e-08
3.14957e-08
1.05752e-08
3.53348e-09
1.17538e-09
3.89389e-10
1.28516e-10
4.22694e-11
1.38581e-11
4.52995e-12
1.47667e-12
4.80127e-13
1.55735e-13
5.04009e-14
1.6277e-14
5.24626e-15
1.68778e-15
5.42021e-16
1.73779e-16
5.5628e-17
1.77805e-17
5.6752e-18
1.80899e-18
5.75886e-19
1.83109e-19
5.81542e-20
1.8449e-20
5.84663e-21
1.85098e-21
5.85432e-22
1.84991e-22
5.84035e-23
1.84229e-23
5.80661e-24
1.82871e-24
5.75494e-25
1.80976e-25
5.68715e-26
1.78598e-26
5.60499e-27
1.75793e-27
5.51014e-28
1.72611e-28
5.40419e-29
1.69104e-29
5.28865e-30
1.65315e-30
5.16495e-31
1.6129e-31
5.03439e-32
1.57068e-32
4.89822e-33
1.52687e-33
4.75757e-34
1.48181e-34
4.6135e-35
1.4358e-35
4.46759e-36
1.38707e-36
4.38689e-37
1.12283e-37
0.998447
0.977505
0.908057
0.755255
0.5
0.260609
0.126507
0.0580885
0.0255112
0.0108039
0.00443927
0.00177822
0.000696991
0.000268121
0.000101474
3.78578e-05
1.39463e-05
5.08004e-06
1.83186e-06
6.54593e-07
2.31996e-07
8.16102e-08
2.85134e-08
9.9002e-09
3.41781e-09
1.17369e-09
4.01087e-10
1.36444e-10
4.62209e-11
1.55961e-11
5.24328e-12
1.7567e-12
5.86671e-13
1.95334e-13
6.48519e-14
2.14735e-14
7.0922e-15
2.33678e-15
7.68187e-16
2.51989e-16
8.24909e-17
2.69517e-17
8.78943e-18
2.86134e-18
9.29919e-19
3.01733e-19
9.77532e-20
3.16228e-20
1.02154e-20
3.29553e-21
1.06177e-21
3.41661e-22
1.09809e-22
3.5252e-23
1.13043e-23
3.62113e-24
1.15876e-24
3.70438e-25
1.18309e-25
3.77504e-26
1.20347e-26
3.83332e-27
1.21997e-27
3.8795e-28
1.23271e-28
3.91395e-29
1.2418e-29
3.9371e-30
1.24739e-30
3.94943e-31
1.24964e-31
3.95149e-32
1.24873e-32
3.94382e-33
1.24484e-33
3.92694e-34
1.23834e-34
3.89537e-35
1.24881e-35
3.23367e-36
0.999633
0.992671
0.964173
0.88896
0.739391
0.5
0.272995
0.13944
0.0674942
0.0312576
0.0139515
0.00603557
0.00254209
0.00104617
0.000421911
0.000167147
6.51791e-05
2.50605e-05
9.51409e-06
3.57091e-06
1.32644e-06
4.88083e-07
1.78054e-07
6.44419e-08
2.31536e-08
8.26307e-09
2.9306e-09
1.03336e-09
3.62417e-10
1.26467e-10
4.39239e-11
1.51883e-11
5.23017e-12
1.79403e-12
6.13127e-13
2.08816e-13
7.08849e-14
2.39881e-14
8.09394e-15
2.7234e-15
9.13922e-16
3.05921e-16
1.02156e-16
3.40347e-17
1.13143e-17
3.75337e-18
1.24264e-18
4.10616e-19
1.35434e-19
4.45913e-20
1.46568e-20
4.80971e-21
1.57587e-21
5.15543e-22
1.68415e-22
5.49401e-23
1.78983e-23
5.82331e-24
1.89227e-24
6.14141e-25
1.99088e-25
6.44657e-26
2.08514e-26
6.73724e-27
2.17461e-27
7.01208e-28
2.25888e-28
7.26996e-29
2.33763e-29
7.50992e-30
2.41059e-30
7.73122e-31
2.47754e-31
7.93326e-32
2.53834e-32
8.11551e-33
2.59332e-33
8.26408e-34
2.68528e-34
7.03376e-35
0.999913
0.997659
0.986589
0.952397
0.873493
0.727005
0.5
0.283054
0.150508
0.0759963
0.0367458
0.0171256
0.00773315
0.00339749
0.00145724
0.000611932
0.000252173
0.000102184
4.07839e-05
1.60565e-05
6.24334e-06
2.40027e-06
9.13261e-07
3.44183e-07
1.28578e-07
4.76449e-08
1.75223e-08
6.39919e-09
2.32178e-09
8.37279e-10
3.00219e-10
1.07073e-10
3.79959e-11
1.34195e-11
4.71837e-12
1.65202e-12
5.76106e-13
2.00146e-13
6.92838e-14
2.39021e-14
8.21921e-15
2.81763e-15
9.63069e-16
3.28254e-16
1.11583e-16
3.78329e-17
1.2796e-17
4.31773e-18
1.45364e-18
4.88333e-19
1.63709e-19
5.4772e-20
1.82898e-20
6.09616e-21
2.02828e-21
6.73678e-22
2.23386e-22
7.39544e-23
2.44456e-23
8.06841e-24
2.65918e-24
8.75186e-25
2.87651e-25
9.44195e-26
3.09533e-26
1.01348e-26
3.31443e-27
1.08268e-27
3.53265e-28
1.1514e-28
3.74882e-29
1.21931e-29
3.96186e-30
1.28606e-30
4.17072e-31
1.3513e-31
4.37522e-32
1.41227e-32
4.65071e-33
1.23221e-33
0.99998
0.999262
0.995129
0.980465
0.941912
0.86056
0.716946
0.5
0.291462
0.160151
0.0837368
0.0419721
0.0202872
0.00950098
0.00432804
0.00192393
0.000836827
0.000356961
0.000149619
6.17249e-05
2.50996e-05
1.00729e-05
3.99392e-06
1.56612e-06
6.07859e-07
2.33703e-07
8.90652e-08
3.36665e-08
1.26291e-08
4.70382e-09
1.74031e-09
6.39849e-10
2.33866e-10
8.50047e-11
3.07356e-11
1.10583e-11
3.96001e-12
1.4118e-12
5.01206e-13
1.77222e-13
6.24253e-14
2.19091e-14
7.66267e-15
2.67115e-15
9.28201e-16
3.21566e-16
1.11081e-16
3.82649e-17
1.31463e-17
4.50503e-18
1.54e-18
5.25194e-19
1.78702e-19
6.06718e-20
2.05555e-20
6.95001e-21
2.34525e-21
7.89897e-22
2.65556e-22
8.91194e-23
2.9857e-23
9.98618e-24
3.3347e-24
1.11183e-24
3.70142e-25
1.23045e-25
4.08455e-26
1.35403e-26
4.48263e-27
1.48209e-27
4.89407e-28
1.61412e-28
5.31719e-29
1.74955e-29
5.75021e-30
1.88779e-30
6.19251e-31
2.02452e-31
6.75604e-32
1.81047e-32
0.999995
0.99977
0.998272
0.992256
0.974489
0.932506
0.849492
0.708538
0.5
0.298645
0.168672
0.0908301
0.0469447
0.0234118
0.0113156
0.00531979
0.00244006
0.00109475
0.000481485
0.000207983
8.838e-05
3.6998e-05
1.52771e-05
6.22903e-06
2.51035e-06
1.00083e-06
3.95032e-07
1.54473e-07
5.98809e-08
2.30244e-08
8.78565e-09
3.32848e-09
1.25253e-09
4.68351e-10
1.74079e-10
6.43367e-11
2.36503e-11
8.64972e-12
3.14822e-12
1.14059e-12
4.11428e-13
1.4779e-13
5.2877e-14
1.88467e-14
6.69309e-15
2.36868e-15
8.35485e-16
2.93753e-16
1.02966e-16
3.59857e-17
1.25411e-17
4.35872e-18
1.51093e-18
5.22439e-19
1.80207e-19
6.20136e-20
2.12922e-20
7.29465e-21
2.49386e-21
8.5085e-22
2.89719e-22
9.84624e-23
3.34011e-23
1.13103e-23
3.82323e-24
1.2902e-24
4.34682e-25
1.46217e-25
4.91085e-26
1.64689e-26
5.51496e-27
1.84419e-27
6.15845e-28
2.05379e-28
6.84034e-29
2.27528e-29
7.56091e-30
2.50336e-30
8.4651e-31
2.29424e-31
0.999999
0.999929
0.999398
0.997015
0.989196
0.968742
0.924004
0.839849
0.701355
0.5
0.304888
0.176289
0.097368
0.0516768
0.026484
0.0131594
0.006361
0.00299981
0.00138358
0.000625407
0.000277563
0.000121139
5.20639e-05
2.20621e-05
9.22755e-06
3.81304e-06
1.55804e-06
6.29998e-07
2.52266e-07
1.00094e-07
3.93767e-08
1.53665e-08
5.95139e-09
2.28856e-09
8.74128e-10
3.31755e-10
1.25151e-10
4.69422e-11
1.75117e-11
6.49893e-12
2.40002e-12
8.82158e-13
3.22797e-13
1.17612e-13
4.2677e-14
1.54252e-14
5.55441e-15
1.99287e-15
7.12553e-16
2.53929e-16
9.02031e-17
3.19445e-17
1.12794e-17
3.97135e-18
1.39443e-18
4.88322e-19
1.70571e-19
5.94333e-20
2.06594e-20
7.16482e-21
2.47926e-21
8.56054e-22
2.94965e-22
1.01428e-22
3.48092e-23
1.19234e-23
4.07666e-24
1.39132e-24
4.74018e-25
1.61222e-25
5.47445e-26
1.85593e-26
6.28209e-27
2.12319e-27
7.16533e-28
2.41459e-28
8.12777e-29
2.72507e-29
9.33669e-30
2.55907e-30
1
0.999978
0.999793
0.998875
0.995561
0.986049
0.963254
0.916263
0.831328
0.695112
0.5
0.310388
0.183163
0.103425
0.0561837
0.0294942
0.0150188
0.00744182
0.00359784
0.00170111
0.000788167
0.000358476
0.000160296
7.05657e-05
3.06188e-05
1.3109e-05
5.54309e-06
2.31688e-06
9.5798e-07
3.92117e-07
1.58984e-07
6.38875e-08
2.54585e-08
1.0065e-08
3.94951e-09
1.53887e-09
5.9559e-10
2.29051e-10
8.75571e-11
3.32778e-11
1.25788e-11
4.72997e-12
1.76975e-12
6.59021e-13
2.44291e-13
9.01619e-14
3.31378e-14
1.21307e-14
4.42358e-15
1.60716e-15
5.81836e-16
2.09922e-16
7.54893e-17
2.70605e-17
9.67072e-18
3.44588e-18
1.22435e-18
4.33826e-19
1.5331e-19
5.40393e-20
1.90006e-20
6.6647e-21
2.33228e-21
8.14326e-22
2.83703e-22
9.86296e-23
3.4218e-23
1.18476e-23
4.09416e-24
1.41213e-24
4.86172e-25
1.67081e-25
5.73207e-26
1.96318e-26
6.71268e-27
2.2915e-27
7.81271e-28
2.65233e-28
9.20713e-29
2.55195e-29
1
0.999993
0.99993
0.999584
0.998222
0.993964
0.982874
0.958028
0.90917
0.823711
0.689612
0.5
0.31529
0.189417
0.109062
0.0604809
0.0324372
0.0168835
0.00855401
0.0042293
0.00204512
0.000969059
0.000450707
0.00020606
9.27288e-05
4.11211e-05
1.79885e-05
7.76984e-06
3.3165e-06
1.4e-06
5.84867e-07
2.41957e-07
9.91792e-08
4.03023e-08
1.62434e-08
6.49608e-09
2.57887e-09
1.01666e-09
3.98146e-10
1.54941e-10
5.99349e-11
2.30517e-11
8.81756e-12
3.35523e-12
1.27035e-12
4.78676e-13
1.79542e-13
6.70467e-14
2.49317e-14
9.23339e-15
3.40623e-15
1.25185e-15
4.58416e-16
1.67282e-16
6.08388e-17
2.20547e-17
7.97001e-18
2.87145e-18
1.03151e-18
3.69502e-19
1.31999e-19
4.70294e-20
1.6713e-20
5.92458e-21
2.09514e-21
7.39178e-22
2.60195e-22
9.13883e-23
3.20295e-23
1.12023e-23
3.91005e-24
1.36208e-24
4.73577e-25
1.64349e-25
5.69324e-26
1.96864e-26
6.79786e-27
2.3366e-27
8.21744e-28
2.30316e-28
1
0.999998
0.999977
0.999849
0.999303
0.997458
0.992267
0.979713
0.953055
0.902632
0.816837
0.68471
0.5
0.319699
0.195145
0.11433
0.0645834
0.03531
0.0187458
0.00969069
0.00488985
0.00241344
0.00116728
0.00055413
0.000258563
0.000118738
5.37246e-05
2.39751e-05
1.0562e-05
4.59715e-06
1.97841e-06
8.42409e-07
3.55123e-07
1.48297e-07
6.13773e-08
2.51892e-08
1.02552e-08
4.14355e-09
1.66213e-09
6.62178e-10
2.62085e-10
1.03085e-10
4.03054e-11
1.56695e-11
6.05873e-12
2.33045e-12
8.91919e-13
3.39724e-13
1.28803e-13
4.86185e-14
1.82738e-14
6.84029e-15
2.55039e-15
9.47296e-16
3.50568e-16
1.29277e-16
4.751e-17
1.74026e-17
6.35415e-18
2.31291e-18
8.39386e-19
3.03744e-19
1.09607e-19
3.94443e-20
1.41575e-20
5.06852e-21
1.81007e-21
6.44859e-22
2.29201e-22
8.12795e-23
2.87597e-23
1.01544e-23
3.57778e-24
1.25802e-24
4.41474e-25
1.54619e-25
5.4071e-26
1.88162e-26
6.70373e-27
1.89987e-27
1
0.999999
0.999992
0.999946
0.999732
0.998954
0.996603
0.990499
0.976588
0.948323
0.896575
0.810583
0.680301
0.5
0.323698
0.200422
0.119271
0.0685053
0.0381116
0.0205997
0.0108461
0.0055756
0.00280401
0.00138198
0.000668541
0.000317877
0.00014874
6.85667e-05
3.11705e-05
1.39865e-05
6.19957e-06
2.71657e-06
1.17755e-06
5.05244e-07
2.14701e-07
9.04069e-08
3.77408e-08
1.56262e-08
6.41961e-09
2.6178e-09
1.05997e-09
4.26302e-10
1.70351e-10
6.76543e-11
2.67108e-11
1.04864e-11
4.09466e-12
1.59057e-12
6.14788e-13
2.36492e-13
9.05535e-14
3.45199e-14
1.31032e-14
4.95335e-15
1.86507e-15
6.99565e-16
2.61429e-16
9.7348e-17
3.61242e-17
1.33604e-17
4.92529e-18
1.81003e-18
6.63161e-19
2.42256e-19
8.82452e-20
3.20556e-20
1.16132e-20
4.19626e-21
1.51242e-21
5.43768e-22
1.95035e-22
6.97911e-23
2.49174e-23
8.87657e-24
3.15542e-24
1.11928e-24
3.96376e-25
1.39636e-25
5.0396e-26
1.44413e-26
1
1
0.999997
0.999981
0.999899
0.999578
0.998543
0.995672
0.988684
0.973516
0.943816
0.890938
0.804855
0.676302
0.5
0.32735
0.20531
0.123921
0.0722596
0.0408424
0.0224405
0.0120155
0.00628312
0.00321488
0.00161227
0.000793673
0.00038402
0.000182848
8.57665e-05
3.96691e-05
1.81082e-05
8.16449e-06
3.63856e-06
1.60386e-06
6.99676e-07
3.02251e-07
1.2936e-07
5.48784e-08
2.30866e-08
9.63499e-09
3.99063e-09
1.6409e-09
6.7006e-10
2.71814e-10
1.09567e-10
4.38985e-11
1.74862e-11
6.92658e-12
2.72907e-12
1.06973e-12
4.17235e-13
1.61963e-13
6.25834e-14
2.40757e-14
9.22241e-15
3.5182e-15
1.3368e-15
5.05993e-16
1.90813e-16
7.16981e-17
2.6847e-17
1.00189e-17
3.7267e-18
1.38183e-18
5.10798e-19
1.88257e-19
6.91822e-20
2.53524e-20
9.26526e-21
3.3771e-21
1.22775e-21
4.45232e-22
1.61065e-22
5.81279e-23
2.09298e-23
7.51869e-24
2.69621e-24
9.61479e-25
3.51505e-25
1.01843e-25
1
1
0.999999
0.999993
0.999962
0.999833
0.999388
0.998076
0.99468
0.986841
0.970506
0.939519
0.88567
0.799578
0.67265
0.5
0.330704
0.209857
0.128309
0.0758584
0.0435031
0.0242649
0.0131947
0.00700933
0.0036442
0.00185727
0.000929214
0.000456966
0.000221145
0.000105426
4.95568e-05
2.29887e-05
1.05322e-05
4.76893e-06
2.13554e-06
9.46316e-07
4.15189e-07
1.8045e-07
7.7727e-08
3.31956e-08
1.40624e-08
5.91109e-09
2.46638e-09
1.02183e-09
4.2049e-10
1.71916e-10
6.98512e-11
2.82124e-11
1.13297e-11
4.52484e-12
1.79758e-12
7.10489e-13
2.79444e-13
1.09389e-13
4.26256e-14
1.65368e-14
6.3883e-15
2.45772e-15
9.41781e-16
3.59498e-16
1.36718e-16
5.18069e-17
1.95628e-17
7.36212e-18
2.76151e-18
1.03254e-18
3.84874e-19
1.4303e-19
5.29985e-20
1.95825e-20
7.21562e-21
2.65162e-21
9.71885e-22
3.55313e-22
1.29579e-22
4.71394e-23
1.71165e-23
6.1783e-24
2.28791e-24
6.70209e-25
1
1
1
0.999998
0.999986
0.999935
0.999748
0.999163
0.99756
0.993639
0.984981
0.967563
0.935417
0.880729
0.79469
0.669296
0.5
0.333801
0.214105
0.132461
0.0793126
0.0460955
0.0260702
0.0143804
0.00775154
0.00409028
0.0021161
0.00107482
0.00053665
0.000263685
0.000127631
6.09115e-05
2.86865e-05
1.3342e-05
6.13239e-06
2.78729e-06
1.25353e-06
5.58108e-07
2.46124e-07
1.07558e-07
4.65981e-08
2.00221e-08
8.5354e-09
3.61132e-09
1.51696e-09
6.32825e-10
2.62251e-10
1.07992e-10
4.4199e-11
1.79841e-11
7.27637e-12
2.92808e-12
1.17214e-12
4.66857e-13
1.85045e-13
7.30017e-14
2.86694e-14
1.12099e-14
4.3646e-15
1.69241e-15
6.53651e-16
2.51487e-16
9.63981e-17
3.68174e-17
1.40125e-17
5.31502e-18
2.00937e-18
7.57222e-19
2.84469e-19
1.06545e-19
3.97879e-20
1.48158e-20
5.50163e-21
2.03741e-21
7.52527e-22
2.77216e-22
1.01917e-22
3.72343e-23
1.39661e-23
4.13626e-24
1
1
1
0.999999
0.999995
0.999975
0.999898
0.999643
0.998905
0.997
0.992558
0.983116
0.96469
0.931495
0.876079
0.790143
0.666199
0.5
0.336675
0.218087
0.136401
0.0826322
0.0486213
0.0278546
0.0155697
0.00850735
0.00455154
0.00238791
0.00123013
0.000622981
0.000310499
0.000152451
7.38028e-05
3.52565e-05
1.66323e-05
7.75366e-06
3.57417e-06
1.63007e-06
7.35928e-07
3.29059e-07
1.45787e-07
6.40266e-08
2.78848e-08
1.20476e-08
5.16546e-09
2.19855e-09
9.29205e-10
3.90085e-10
1.62703e-10
6.74421e-11
2.77886e-11
1.13842e-11
4.63794e-12
1.87943e-12
7.57683e-13
3.03939e-13
1.21337e-13
4.82154e-14
1.90732e-14
7.51232e-15
2.94643e-15
1.15092e-15
4.47797e-16
1.73561e-16
6.70209e-17
2.57871e-17
9.88721e-18
3.77806e-18
1.43889e-18
5.46253e-19
2.0673e-19
7.79997e-20
2.93426e-20
1.10066e-20
4.11713e-21
1.53574e-21
5.71641e-22
2.11367e-22
8.02998e-23
2.40437e-23
1
1
1
1
0.999998
0.99999
0.999959
0.99985
0.999519
0.998616
0.996402
0.991446
0.981254
0.961888
0.92774
0.871691
0.785895
0.663325
0.5
0.339352
0.221832
0.140146
0.0858262
0.0510825
0.0296165
0.0167603
0.00927463
0.00502652
0.00267188
0.00139476
0.000715841
0.000361597
0.000179943
8.82925e-05
4.27498e-05
2.044e-05
9.65722e-06
4.51145e-06
2.08506e-06
9.53863e-07
4.32146e-07
1.93976e-07
8.63021e-08
3.80733e-08
1.66612e-08
7.23475e-09
3.11828e-09
1.33448e-09
5.67198e-10
2.39498e-10
1.00489e-10
4.19077e-11
1.73748e-11
7.16292e-12
2.93692e-12
1.19786e-12
4.86086e-13
1.96284e-13
7.88849e-14
3.15577e-14
1.25685e-14
4.98416e-15
1.96827e-15
7.74139e-16
3.03282e-16
1.18364e-16
4.60239e-17
1.78315e-17
6.88452e-18
2.64902e-18
1.01593e-18
3.88369e-19
1.48003e-19
5.62303e-20
2.13005e-20
8.04485e-21
3.03168e-21
1.13446e-21
4.36519e-22
1.32139e-22
1
1
1
1
0.999999
0.999996
0.999984
0.999938
0.999792
0.999375
0.998299
0.995771
0.990309
0.9794
0.959158
0.924142
0.867539
0.781913
0.660648
0.5
0.341854
0.225364
0.143715
0.088903
0.0534814
0.0313551
0.0179502
0.0100515
0.00551389
0.0029672
0.00156832
0.000815097
0.000416972
0.00021015
0.000104435
5.12135e-05
2.48003e-05
1.18672e-05
5.61454e-06
2.62785e-06
1.21739e-06
5.58481e-07
2.53823e-07
1.14335e-07
5.10644e-08
2.26208e-08
9.94248e-09
4.33728e-09
1.87847e-09
8.07943e-10
3.45191e-10
1.46538e-10
6.18237e-11
2.59281e-11
1.08116e-11
4.48331e-12
1.84918e-12
7.58771e-13
3.09789e-13
1.25869e-13
5.09017e-14
2.04915e-14
8.213e-15
3.27776e-15
1.30273e-15
5.15685e-16
2.03339e-16
7.98754e-17
3.12612e-17
1.21911e-17
4.73771e-18
1.83495e-18
7.08348e-19
2.72569e-19
1.04557e-19
3.99823e-20
1.52537e-20
5.77636e-21
2.25108e-21
6.88898e-22
1
1
1
1
1
0.999999
0.999994
0.999975
0.999912
0.999722
0.999212
0.997955
0.99511
0.989154
0.977559
0.956497
0.920687
0.863599
0.778168
0.658146
0.5
0.344202
0.228705
0.147121
0.0918701
0.0558202
0.0330696
0.0191376
0.0108363
0.0060124
0.00327314
0.00175044
0.000920596
0.0004766
0.000243104
0.000122276
6.06909e-05
2.9747e-05
1.44071e-05
6.89887e-06
3.26802e-06
1.53221e-06
7.11346e-07
3.27163e-07
1.49123e-07
6.73894e-08
3.02035e-08
1.34304e-08
5.92687e-09
2.59652e-09
1.12957e-09
4.88092e-10
2.09539e-10
8.93938e-11
3.79074e-11
1.59811e-11
6.69949e-12
2.79326e-12
1.1585e-12
4.78042e-13
1.96289e-13
8.0214e-14
3.26284e-14
1.32127e-14
5.32717e-15
2.13879e-15
8.55181e-16
3.40579e-16
1.35113e-16
5.34001e-17
2.1028e-17
8.25102e-18
3.22636e-18
1.25734e-18
4.88394e-19
1.89084e-19
7.30274e-20
2.79844e-20
1.1045e-20
3.41712e-21
1
1
1
1
1
1
0.999998
0.99999
0.999963
0.999879
0.999642
0.999031
0.997587
0.994424
0.987985
0.975735
0.953905
0.917368
0.859854
0.774636
0.655798
0.5
0.346411
0.231871
0.150379
0.0947344
0.058101
0.0347596
0.0203211
0.0116275
0.00652093
0.00358896
0.00194073
0.00103218
0.000540445
0.000278826
0.000141856
7.12217e-05
3.53119e-05
1.72999e-05
8.37977e-06
4.0153e-06
1.90422e-06
8.94194e-07
4.15957e-07
1.91753e-07
8.76349e-08
3.97198e-08
1.78598e-08
7.96934e-09
3.52996e-09
1.55254e-09
6.78187e-10
2.94308e-10
1.26911e-10
5.43925e-11
2.31746e-11
9.81757e-12
4.13616e-12
1.73329e-12
7.22599e-13
2.99743e-13
1.23735e-13
5.08384e-14
2.07926e-14
8.46649e-15
3.43265e-15
1.38593e-15
5.57302e-16
2.23216e-16
8.90625e-17
3.54032e-17
1.40221e-17
5.53407e-18
2.17665e-18
8.53147e-19
3.33555e-19
1.29339e-19
5.16994e-20
1.61698e-20
1
1
1
1
1
1
0.999999
0.999996
0.999985
0.999948
0.99984
0.999549
0.998833
0.997196
0.993717
0.986805
0.97393
0.951379
0.914174
0.856285
0.771295
0.653589
0.5
0.348495
0.23488
0.153498
0.0975023
0.060326
0.0364249
0.0214996
0.0124239
0.00703844
0.00391399
0.00213881
0.00114968
0.000608459
0.000317328
0.000163209
8.28414e-05
4.15248e-05
2.05678e-05
1.00724e-05
4.87949e-06
2.33949e-06
1.11064e-06
5.22288e-07
2.43394e-07
1.12443e-07
5.15143e-08
2.34122e-08
1.05586e-08
4.72661e-09
2.10083e-09
9.27342e-10
4.06636e-10
1.7717e-10
7.6716e-11
3.30206e-11
1.41311e-11
6.01361e-12
2.54534e-12
1.07171e-12
4.48957e-13
1.87152e-13
7.76439e-14
3.20633e-14
1.31812e-14
5.39514e-15
2.19891e-15
8.92518e-16
3.60815e-16
1.45296e-16
5.82873e-17
2.32962e-17
9.27766e-18
3.6814e-18
1.45698e-18
5.71647e-19
2.31411e-19
7.31681e-20
1
1
1
1
1
1
1
0.999998
0.999994
0.999978
0.999929
0.999794
0.999446
0.998618
0.996785
0.992991
0.98562
0.972145
0.948917
0.911097
0.852879
0.768129
0.651505
0.5
0.350466
0.237745
0.156491
0.100179
0.0624975
0.0380654
0.0226719
0.0132243
0.00756396
0.00424757
0.00234431
0.00127291
0.000680584
0.000358612
0.000186361
9.55822e-05
4.84138e-05
2.42322e-05
1.19918e-05
5.87046e-06
2.84421e-06
1.36442e-06
6.48353e-07
3.05298e-07
1.4251e-07
6.59664e-08
3.029e-08
1.38009e-08
6.24125e-09
2.80227e-09
1.2495e-09
5.53416e-10
2.43535e-10
1.06502e-10
4.62945e-11
2.00062e-11
8.59697e-12
3.67407e-12
1.56187e-12
6.60554e-13
2.77975e-13
1.16413e-13
4.85237e-14
2.01337e-14
8.31705e-15
3.42091e-15
1.40118e-15
5.71575e-16
2.32236e-16
9.3995e-17
3.79014e-17
1.52248e-17
6.0993e-18
2.4213e-18
9.92651e-19
3.17288e-19
1
1
1
1
1
1
1
0.999999
0.999997
0.999991
0.999969
0.999907
0.999741
0.999331
0.998388
0.996356
0.992248
0.98443
0.970383
0.946519
0.90813
0.849621
0.76512
0.649534
0.5
0.352334
0.240477
0.159366
0.102771
0.0646173
0.0396813
0.0238374
0.0140276
0.00809664
0.00458911
0.00255686
0.0014017
0.000756757
0.000402675
0.000211335
0.000109473
5.60051e-05
2.83134e-05
1.41526e-05
6.99804e-06
3.42467e-06
1.65941e-06
7.96455e-07
3.78798e-07
1.78587e-07
8.34903e-08
3.87174e-08
1.78152e-08
8.13602e-09
3.68884e-09
1.66086e-09
7.42756e-10
3.30012e-10
1.45706e-10
6.3941e-11
2.78946e-11
1.20998e-11
5.2196e-12
2.23957e-12
9.55947e-13
4.05986e-13
1.71577e-13
7.21675e-14
3.02145e-14
1.25932e-14
5.2259e-15
2.15943e-15
8.88625e-16
3.64206e-16
1.4869e-16
6.04632e-17
2.45185e-17
9.84783e-18
4.08862e-18
1.32115e-18
1
1
1
1
1
1
1
1
0.999999
0.999996
0.999987
0.999959
0.999881
0.999682
0.999206
0.998143
0.99591
0.991493
0.98324
0.968645
0.94418
0.905266
0.846502
0.762255
0.647666
0.5
0.35411
0.243088
0.162131
0.105282
0.0666876
0.0412726
0.0249953
0.0148329
0.00863566
0.00493802
0.00277613
0.00153588
0.000836904
0.000449505
0.000238148
0.000124538
6.43228e-05
3.28312e-05
1.6569e-05
8.27202e-06
4.08724e-06
1.99959e-06
9.68991e-07
4.65298e-07
2.21478e-07
1.04535e-07
4.89404e-08
2.27338e-08
1.04809e-08
4.79694e-09
2.18011e-09
9.84109e-10
4.41326e-10
1.96662e-10
8.70988e-11
3.83462e-11
1.67854e-11
7.30659e-12
3.16334e-12
1.36237e-12
5.83755e-13
2.48894e-13
1.0561e-13
4.46034e-14
1.87523e-14
7.84906e-15
3.27123e-15
1.35763e-15
5.61166e-16
2.30994e-16
9.48135e-17
3.8528e-17
1.61994e-17
5.29168e-18
1
1
1
1
1
1
1
1
1
0.999998
0.999994
0.999982
0.999946
0.999851
0.999616
0.999071
0.997884
0.995448
0.990725
0.98205
0.96693
0.941899
0.902498
0.843509
0.759523
0.64589
0.5
0.3558
0.245586
0.164794
0.107717
0.0687103
0.0428396
0.026145
0.0156394
0.00918029
0.00529378
0.00300176
0.00167525
0.00092095
0.000499086
0.000266811
0.0001408
7.33893e-05
3.78041e-05
1.92551e-05
9.70212e-06
4.83834e-06
2.38902e-06
1.16845e-06
5.66277e-07
2.72039e-07
1.29586e-07
6.12274e-08
2.87027e-08
1.3354e-08
6.16769e-09
2.82857e-09
1.28839e-09
5.82992e-10
2.62122e-10
1.17127e-10
5.2025e-11
2.29744e-11
1.00886e-11
4.40601e-12
1.91407e-12
8.27244e-13
3.55744e-13
1.5224e-13
6.48437e-14
2.74922e-14
1.1604e-14
4.87652e-15
2.04073e-15
8.50321e-16
3.53274e-16
1.45233e-16
6.18401e-17
2.04214e-17
1
1
1
1
1
1
1
1
1
0.999999
0.999998
0.999992
0.999976
0.999931
0.999817
0.999543
0.998925
0.997612
0.994973
0.989949
0.980862
0.96524
0.939674
0.899821
0.840634
0.756912
0.6442
0.5
0.357411
0.247981
0.167361
0.110081
0.0706871
0.0443827
0.0272861
0.0164465
0.00972986
0.00565586
0.00323344
0.00181964
0.00100881
0.000551396
0.000297332
0.000158278
8.32251e-05
4.32497e-05
2.22244e-05
1.12979e-05
5.68439e-06
2.83183e-06
1.39739e-06
6.83279e-07
3.31174e-07
1.5916e-07
7.58693e-08
3.58821e-08
1.68419e-08
7.8472e-09
3.63044e-09
1.66812e-09
7.61399e-10
3.45309e-10
1.55633e-10
6.97235e-11
3.10539e-11
1.37528e-11
6.05724e-12
2.65361e-12
1.1565e-12
5.01486e-13
2.16393e-13
9.29297e-14
3.97236e-14
1.69035e-14
7.16156e-15
3.02055e-15
1.27019e-15
5.28267e-16
2.27794e-16
7.60469e-17
1
1
1
1
1
1
1
1
1
1
0.999999
0.999997
0.999989
0.999969
0.999914
0.999779
0.999463
0.99877
0.997328
0.994486
0.989164
0.979679
0.963575
0.937503
0.897229
0.837869
0.754414
0.642589
0.5
0.35895
0.250279
0.169839
0.112376
0.0726198
0.0459022
0.0284181
0.0172534
0.0102837
0.0060238
0.00347085
0.00196887
0.00110041
0.000606408
0.000329714
0.000176987
9.38487e-05
4.91848e-05
2.54897e-05
1.30688e-05
6.63182e-06
3.33222e-06
1.65846e-06
8.17912e-07
3.99838e-07
1.93811e-07
9.31797e-08
4.44465e-08
2.104e-08
9.88681e-09
4.61293e-09
2.1375e-09
9.83884e-10
4.49964e-10
2.04501e-10
9.23804e-11
4.14868e-11
1.85251e-11
8.22631e-12
3.63338e-12
1.59641e-12
6.9786e-13
3.03559e-13
1.3141e-13
5.66204e-14
2.42859e-14
1.03683e-14
4.41302e-15
1.85669e-15
8.10793e-16
2.7364e-16
1
1
1
1
1
1
1
1
1
1
1
0.999999
0.999995
0.999986
0.99996
0.999895
0.999736
0.999377
0.998605
0.997033
0.993988
0.988372
0.9785
0.961935
0.935383
0.894718
0.835206
0.752019
0.64105
0.5
0.360422
0.252488
0.172233
0.114606
0.0745102
0.0473985
0.0295408
0.0180595
0.0108414
0.00639715
0.00371368
0.00212276
0.00119566
0.000664092
0.000363958
0.000196942
0.000105277
5.56248e-05
2.90639e-05
1.50241e-05
7.68705e-06
3.89442e-06
1.95435e-06
9.71838e-07
4.7903e-07
2.34124e-07
1.13494e-07
5.45848e-08
2.60528e-08
1.23433e-08
5.80644e-09
2.71262e-09
1.25882e-09
5.80392e-10
2.65921e-10
1.21098e-10
5.48217e-11
2.4676e-11
1.10453e-11
4.91726e-12
2.17762e-12
9.59438e-13
4.20616e-13
1.83504e-13
7.96838e-14
3.44341e-14
1.48341e-14
6.31351e-15
2.79208e-15
9.52648e-16
1
1
1
1
1
1
1
1
1
1
1
0.999999
0.999998
0.999994
0.999982
0.99995
0.999872
0.99969
0.999284
0.998432
0.996727
0.993479
0.987576
0.977328
0.960319
0.933312
0.892283
0.832639
0.749721
0.639578
0.5
0.361833
0.254613
0.174548
0.116776
0.0763598
0.048872
0.0306539
0.0188645
0.0114022
0.00677549
0.00396166
0.00228114
0.00129446
0.000724414
0.00040006
0.000218153
0.000117526
6.25846e-05
3.29588e-05
1.71728e-05
8.85643e-06
4.52271e-06
2.28781e-06
1.14678e-06
5.69792e-07
2.80717e-07
1.37172e-07
6.65007e-08
3.19939e-08
1.52791e-08
7.24475e-09
3.41146e-09
1.59567e-09
7.41517e-10
3.42421e-10
1.5716e-10
7.17036e-11
3.25264e-11
1.46722e-11
6.58244e-12
2.93749e-12
1.30415e-12
5.76096e-13
2.53257e-13
1.10775e-13
4.8301e-14
2.0795e-14
9.31333e-15
3.21257e-15
1
1
1
1
1
1
1
1
1
1
1
1
0.999999
0.999997
0.999992
0.999977
0.999939
0.999848
0.999638
0.999185
0.99825
0.996411
0.992962
0.986776
0.976163
0.958727
0.93129
0.889919
0.830161
0.747512
0.638167
0.5
0.363187
0.256661
0.176789
0.118886
0.0781701
0.050323
0.0317573
0.0196678
0.0119659
0.00715842
0.00421449
0.00244384
0.00139673
0.000787339
0.000438015
0.000240628
0.000130608
7.00778e-05
3.71861e-05
1.95237e-05
1.01463e-05
5.22135e-06
2.66164e-06
1.34449e-06
6.73209e-07
3.3424e-07
1.64592e-07
8.04127e-08
3.89867e-08
1.87626e-08
8.96518e-09
4.25412e-09
2.00511e-09
9.38932e-10
4.36899e-10
2.02051e-10
9.28856e-11
4.24541e-11
1.92949e-11
8.72143e-12
3.92119e-12
1.75384e-12
7.8054e-13
3.45566e-13
1.52507e-13
6.64163e-14
3.0124e-14
1.05054e-14
1
1
1
1
1
1
1
1
1
1
1
1
1
0.999999
0.999996
0.999989
0.999971
0.999926
0.99982
0.999583
0.999079
0.998059
0.996086
0.992436
0.985972
0.975005
0.95716
0.929313
0.887624
0.827767
0.745387
0.636813
0.5
0.364487
0.258635
0.17896
0.120942
0.0799426
0.0517522
0.0328507
0.0204689
0.0125318
0.00754557
0.00447192
0.00261068
0.00150238
0.000852826
0.000477813
0.000264375
0.000144537
7.81172e-05
4.17567e-05
2.20854e-05
1.15628e-05
5.99464e-06
3.07867e-06
1.5668e-06
7.90404e-07
3.95372e-07
1.96158e-07
9.6554e-08
4.71639e-08
2.28682e-08
1.10087e-08
5.26285e-09
2.49907e-09
1.17895e-09
5.52657e-10
2.57478e-10
1.1924e-10
5.49009e-11
2.51349e-11
1.14442e-11
5.18281e-12
2.33511e-12
1.0464e-12
4.67407e-13
2.059e-13
9.45785e-14
3.33469e-14
1
1
1
1
1
1
1
1
1
1
1
1
1
0.999999
0.999998
0.999995
0.999987
0.999965
0.999912
0.99979
0.999523
0.998968
0.997861
0.995752
0.991903
0.985167
0.973855
0.955617
0.92738
0.885394
0.825452
0.743339
0.635513
0.5
0.365737
0.260542
0.181065
0.122945
0.0816787
0.0531599
0.033934
0.0212677
0.0130996
0.0079366
0.00473369
0.00278152
0.00161133
0.000920835
0.000519443
0.000289397
0.000159322
8.67145e-05
4.66812e-05
2.48663e-05
1.31121e-05
6.84685e-06
3.54177e-06
1.81554e-06
9.22536e-07
4.64821e-07
2.32293e-07
1.15173e-07
5.66679e-08
2.76762e-08
1.34201e-08
6.46221e-09
3.09082e-09
1.46866e-09
6.93431e-10
3.25388e-10
1.51772e-10
7.03797e-11
3.24517e-11
1.48806e-11
6.78732e-12
3.0785e-12
1.39182e-12
6.20166e-13
2.88503e-13
1.02846e-13
1
1
1
1
1
1
1
1
1
1
1
1
1
1
0.999999
0.999998
0.999994
0.999983
0.999957
0.999896
0.999757
0.99946
0.99885
0.997656
0.995411
0.991364
0.984361
0.972714
0.954098
0.92549
0.883224
0.823211
0.741365
0.634263
0.5
0.366941
0.262384
0.183108
0.124897
0.0833797
0.0545465
0.0350073
0.0220637
0.013669
0.00833118
0.00499956
0.00295619
0.00172347
0.000991324
0.000562893
0.000315697
0.000174972
9.58808e-05
5.19696e-05
2.78744e-05
1.48003e-05
7.78225e-06
4.0538e-06
2.09259e-06
1.0708e-06
5.43325e-07
2.7344e-07
1.36531e-07
6.76511e-08
3.32735e-08
1.62481e-08
7.87911e-09
3.79504e-09
1.81595e-09
8.63425e-10
4.07994e-10
1.91632e-10
8.94827e-11
4.1546e-11
1.91843e-11
8.80723e-12
4.03023e-12
1.8164e-12
8.55791e-13
3.08457e-13
1
1
1
1
1
1
1
1
1
1
1
1
1
1
1
0.999999
0.999997
0.999992
0.99998
0.999949
0.999878
0.999721
0.999392
0.998727
0.997443
0.995062
0.99082
0.983554
0.971582
0.952602
0.92364
0.881114
0.82104
0.739458
0.633059
0.5
0.368102
0.264165
0.185091
0.126801
0.0850468
0.0559126
0.0360704
0.0228568
0.0142396
0.00872901
0.0052693
0.00313454
0.00183871
0.00106425
0.000608146
0.000343275
0.000191497
0.000105626
5.76313e-05
3.11175e-05
1.66332e-05
8.80507e-06
4.61767e-06
2.39988e-06
1.23641e-06
6.31645e-07
3.20065e-07
1.60906e-07
8.02755e-08
3.97534e-08
1.95453e-08
9.54298e-09
4.62791e-09
2.22963e-09
1.06735e-09
5.07789e-10
2.40127e-10
1.12886e-10
5.27716e-11
2.45214e-11
1.13577e-11
5.1775e-12
2.47059e-12
9.00391e-13
1
1
1
1
1
1
1
1
1
1
1
1
1
1
1
1
0.999999
0.999996
0.99999
0.999975
0.999939
0.999858
0.999683
0.999319
0.998598
0.997224
0.994706
0.99027
0.982747
0.970459
0.951128
0.92183
0.879058
0.818935
0.737616
0.631898
0.5
0.369221
0.26589
0.187018
0.128659
0.0866813
0.0572586
0.0371234
0.0236465
0.0148111
0.0091298
0.00554269
0.00331641
0.00195698
0.00113956
0.000655186
0.00037213
0.000208902
0.000115959
6.36752e-05
3.4603e-05
1.86167e-05
9.91949e-06
5.23629e-06
2.73933e-06
1.42063e-06
7.3057e-07
3.72651e-07
1.88589e-07
9.4713e-08
4.72155e-08
2.33689e-08
1.14858e-08
5.60717e-09
2.71937e-09
1.31044e-09
6.27578e-10
2.98732e-10
1.4138e-10
6.64948e-11
3.11739e-11
1.43736e-11
6.94672e-12
2.55995e-12
1
1
1
1
1
1
1
1
1
1
1
1
1
1
1
1
0.999999
0.999998
0.999995
0.999988
0.99997
0.999929
0.999837
0.999641
0.999243
0.998464
0.996998
0.994344
0.989716
0.98194
0.969346
0.949677
0.920057
0.877055
0.816892
0.735835
0.630779
0.5
0.370303
0.267561
0.188893
0.130474
0.0882842
0.0585849
0.0381662
0.0244328
0.0153831
0.00953328
0.00581951
0.00350167
0.00207818
0.00121722
0.000703994
0.000402261
0.000227192
0.000126889
7.01098e-05
3.83384e-05
2.07563e-05
1.11297e-05
5.91256e-06
3.1129e-06
1.62474e-06
8.40911e-07
4.31702e-07
2.19885e-07
1.11145e-07
5.5766e-08
2.77797e-08
1.37422e-08
6.75216e-09
3.29587e-09
1.59853e-09
7.7047e-10
3.69159e-10
1.7574e-10
8.33955e-11
3.88915e-11
1.90378e-11
7.09429e-12
1
1
1
1
1
1
1
1
1
1
1
1
1
1
1
1
1
0.999999
0.999998
0.999994
0.999986
0.999965
0.999917
0.999814
0.999597
0.999163
0.998325
0.996767
0.993976
0.989159
0.981136
0.968243
0.948248
0.918321
0.875103
0.814909
0.73411
0.629697
0.5
0.371348
0.269181
0.190716
0.132246
0.0898567
0.059892
0.0391989
0.0252154
0.0159555
0.0099392
0.00609958
0.00369017
0.00220223
0.00129718
0.000754551
0.000433663
0.000246373
0.000138422
7.69429e-05
4.23303e-05
2.30577e-05
1.24397e-05
6.64938e-06
3.52258e-06
1.85002e-06
9.63501e-07
4.97738e-07
2.55113e-07
1.29764e-07
6.55178e-08
3.28433e-08
1.63495e-08
8.08391e-09
3.97083e-09
1.93796e-09
9.40078e-10
4.52986e-10
2.17587e-10
1.02631e-10
5.08864e-11
1.91758e-11
1
1
1
1
1
1
1
1
1
1
1
1
1
1
1
1
1
1
0.999999
0.999997
0.999993
0.999983
0.999958
0.999904
0.999789
0.99955
0.999079
0.99818
0.996529
0.993603
0.988598
0.980332
0.967149
0.94684
0.91662
0.873199
0.812982
0.732439
0.628652
0.5
0.372359
0.270753
0.192491
0.133978
0.0913998
0.0611804
0.0402215
0.0259941
0.016528
0.0103473
0.00638268
0.00388178
0.00232904
0.00137938
0.000806836
0.000466331
0.000266448
0.000150566
8.41819e-05
4.65856e-05
2.55261e-05
1.38537e-05
7.44964e-06
3.97034e-06
2.09781e-06
1.09919e-06
5.71299e-07
2.94606e-07
1.50769e-07
7.65902e-08
3.86294e-08
1.9348e-08
9.6253e-09
4.75684e-09
2.33618e-09
1.13945e-09
5.54032e-10
2.64307e-10
1.32742e-10
5.05876e-11
1
1
1
1
1
1
1
1
1
1
1
1
1
1
1
1
1
1
1
0.999999
0.999997
0.999992
0.999979
0.999952
0.999891
0.999762
0.999501
0.998991
0.998031
0.996286
0.993225
0.988034
0.979531
0.966066
0.945453
0.914953
0.871341
0.811107
0.730819
0.627641
0.5
0.373339
0.272279
0.194221
0.135671
0.0929145
0.0624504
0.0412341
0.0267689
0.0171004
0.0107574
0.00666865
0.00407637
0.00245852
0.00146379
0.000860827
0.00050026
0.000287418
0.000163327
9.18338e-05
5.11106e-05
2.81668e-05
1.53755e-05
8.31622e-06
4.45818e-06
2.36945e-06
1.24886e-06
6.52939e-07
3.38708e-07
1.74372e-07
8.91094e-08
4.52122e-08
2.27807e-08
1.14004e-08
5.66879e-09
2.79869e-09
1.37752e-09
6.64659e-10
3.38137e-10
1.30327e-10
1
1
1
1
1
1
1
1
1
1
1
1
1
1
1
1
1
1
1
0.999999
0.999998
0.999996
0.99999
0.999976
0.999944
0.999875
0.999733
0.999449
0.9989
0.997877
0.996038
0.992842
0.987468
0.978732
0.964993
0.944087
0.913319
0.869526
0.809284
0.729247
0.626661
0.5
0.374288
0.273762
0.195907
0.137328
0.0944017
0.0637024
0.0422368
0.0275395
0.0176724
0.0111693
0.00695732
0.0042738
0.00259059
0.00155036
0.000916502
0.000535441
0.000309286
0.00017671
9.9905e-05
5.59112e-05
3.09849e-05
1.70091e-05
9.25198e-06
4.9881e-06
2.66629e-06
1.4134e-06
7.4323e-07
3.87778e-07
2.00793e-07
1.03208e-07
5.26709e-08
2.66924e-08
1.34385e-08
6.71584e-09
3.34629e-09
1.63301e-09
8.41576e-10
3.28073e-10
1
1
1
1
1
1
1
1
1
1
1
1
1
1
1
1
1
1
1
1
0.999999
0.999998
0.999995
0.999988
0.999972
0.999936
0.999859
0.999703
0.999394
0.998804
0.997719
0.995786
0.992454
0.9869
0.977936
0.96393
0.942741
0.911716
0.867754
0.807509
0.727721
0.625712
0.5
0.375208
0.275204
0.197551
0.138948
0.0958623
0.064937
0.0432296
0.028306
0.0182439
0.0115828
0.0072485
0.00447397
0.00272518
0.00163903
0.000973836
0.000571867
0.000332051
0.00019072
0.000108402
6.09934e-05
3.39851e-05
1.87584e-05
1.02597e-05
5.56211e-06
2.98969e-06
1.59371e-06
8.42756e-07
4.42186e-07
2.3026e-07
1.19026e-07
6.10852e-08
3.11393e-08
1.57526e-08
7.94608e-09
3.92195e-09
2.04757e-09
8.07377e-10
1
1
1
1
1
1
1
1
1
1
1
1
1
1
1
1
1
1
1
1
1
0.999999
0.999998
0.999994
0.999986
0.999967
0.999927
0.999842
0.99967
0.999336
0.998706
0.997556
0.995528
0.992063
0.986331
0.977143
0.962877
0.941415
0.910143
0.866022
0.805779
0.726238
0.624792
0.5
0.376101
0.276607
0.199155
0.140535
0.0972971
0.0661544
0.0442126
0.0290681
0.0188147
0.0119976
0.00754206
0.00467674
0.0028622
0.00172976
0.00103281
0.000609529
0.000355714
0.00020536
0.000117329
6.63626e-05
3.71724e-05
2.0627e-05
1.13423e-05
6.18221e-06
3.34104e-06
1.79072e-06
9.52121e-07
5.02312e-07
2.63015e-07
1.367e-07
7.05615e-08
3.61342e-08
1.84534e-08
9.2119e-09
4.87235e-09
1.94343e-09
1
1
1
1
1
1
1
1
1
1
1
1
1
1
1
1
1
1
1
1
1
1
0.999999
0.999997
0.999993
0.999983
0.999962
0.999917
0.999823
0.999636
0.999276
0.998603
0.997389
0.995266
0.991669
0.98576
0.976353
0.961834
0.940108
0.9086
0.864329
0.804093
0.724796
0.623899
0.5
0.376968
0.277973
0.20072
0.142088
0.0987071
0.0673552
0.0451859
0.0298258
0.0193847
0.0124137
0.00783783
0.004882
0.00300157
0.00182251
0.00109339
0.000648417
0.000380274
0.000220635
0.000126692
7.2024e-05
4.05512e-05
2.26186e-05
1.25025e-05
6.85039e-06
3.72172e-06
2.00536e-06
1.07193e-06
5.6856e-07
2.99282e-07
1.56431e-07
8.10947e-08
4.19305e-08
2.11704e-08
1.13447e-08
4.57772e-09
1
1
1
1
1
1
1
1
1
1
1
1
1
1
1
1
1
1
1
1
1
1
0.999999
0.999999
0.999997
0.999992
0.999981
0.999957
0.999906
0.999803
0.9996
0.999213
0.998498
0.997218
0.995
0.991271
0.985189
0.975567
0.960801
0.93882
0.907086
0.862672
0.802449
0.723393
0.623032
0.5
0.377811
0.279303
0.202249
0.14361
0.100093
0.0685396
0.0461497
0.0305791
0.0199537
0.0128309
0.00813567
0.00508966
0.00314323
0.00191723
0.00115555
0.00068852
0.000405728
0.000236546
0.000136496
7.79825e-05
4.41259e-05
2.47369e-05
1.37429e-05
7.56865e-06
4.13313e-06
2.23857e-06
1.20284e-06
6.41277e-07
3.39433e-07
1.78139e-07
9.32607e-08
4.76238e-08
2.58578e-08
1.05562e-08
1
1
1
1
1
1
1
1
1
1
1
1
1
1
1
1
1
1
1
1
1
1
1
0.999999
0.999998
0.999996
0.99999
0.999978
0.999951
0.999895
0.999782
0.999562
0.999147
0.998389
0.997044
0.994731
0.99087
0.984617
0.974785
0.959778
0.93755
0.905598
0.861052
0.800845
0.722027
0.622189
0.5
0.378631
0.280599
0.203744
0.145102
0.101455
0.0697081
0.047104
0.0313278
0.0205215
0.0132489
0.00843546
0.00529959
0.00328708
0.00201387
0.00121928
0.000729828
0.000432075
0.000253096
0.000146744
8.42428e-05
4.79009e-05
2.69853e-05
1.50664e-05
8.33897e-06
4.57665e-06
2.49136e-06
1.34534e-06
7.21159e-07
3.83164e-07
2.03122e-07
1.04909e-07
5.77174e-08
2.38407e-08
1
1
1
1
1
1
1
1
1
1
1
1
1
1
1
1
1
1
1
1
1
1
1
1
0.999999
0.999998
0.999995
0.999989
0.999975
0.999944
0.999882
0.999759
0.999522
0.999079
0.998277
0.996865
0.994457
0.990467
0.984044
0.974006
0.958766
0.936298
0.904138
0.859465
0.79928
0.720697
0.621369
0.5
0.379428
0.281863
0.205204
0.146564
0.102795
0.070861
0.0480489
0.032072
0.0210881
0.0136677
0.00873705
0.00551169
0.00343308
0.00211238
0.00128455
0.000772329
0.00045931
0.000270288
0.000157441
9.08092e-05
5.18801e-05
2.93671e-05
1.64755e-05
9.16324e-06
5.05382e-06
2.76438e-06
1.50076e-06
8.07298e-07
4.33375e-07
2.26389e-07
1.26214e-07
5.2754e-08
1
1
1
1
1
1
1
1
1
1
1
1
1
1
1
1
1
1
1
1
1
1
1
1
1
0.999999
0.999998
0.999994
0.999987
0.999971
0.999937
0.999869
0.999736
0.999481
0.999009
0.998161
0.996684
0.99418
0.990061
0.983472
0.973231
0.957763
0.935063
0.902703
0.857912
0.797751
0.719401
0.620572
0.5
0.380204
0.283095
0.206632
0.147997
0.104113
0.0719987
0.0489845
0.0328115
0.0216533
0.0140872
0.00904033
0.00572588
0.00358113
0.00221272
0.00135132
0.00081601
0.000487432
0.000288121
0.00016859
9.7686e-05
5.60674e-05
3.18859e-05
1.79728e-05
1.00438e-05
5.56528e-06
3.06015e-06
1.66668e-06
9.06098e-07
4.78748e-07
2.70485e-07
1.14412e-07
1
1
1
1
1
1
1
1
1
1
1
1
1
1
1
1
1
1
1
1
1
1
1
1
1
1
0.999999
0.999997
0.999993
0.999985
0.999967
0.99993
0.999855
0.999711
0.999437
0.998936
0.998043
0.996498
0.9939
0.989653
0.9829
0.97246
0.95677
0.933846
0.901293
0.85639
0.796256
0.718137
0.619796
0.5
0.38096
0.284299
0.20803
0.149404
0.105409
0.0731215
0.049911
0.0335465
0.022217
0.0145072
0.00934518
0.00594205
0.00373118
0.00231485
0.00141957
0.00086086
0.000516435
0.000306598
0.000180195
0.000104877
6.04669e-05
3.45444e-05
1.95617e-05
1.09808e-05
6.11594e-06
3.37275e-06
1.85709e-06
9.92453e-07
5.68284e-07
2.43288e-07
1
1
1
1
1
1
1
1
1
1
1
1
1
1
1
1
1
1
1
1
1
1
1
1
1
1
0.999999
0.999999
0.999997
0.999992
0.999983
0.999963
0.999922
0.999841
0.999684
0.999392
0.99886
0.997922
0.99631
0.993617
0.989243
0.982328
0.971694
0.955787
0.932645
0.899907
0.854898
0.794796
0.716905
0.61904
0.5
0.381696
0.285474
0.209397
0.150784
0.106685
0.0742297
0.0508285
0.0342767
0.0227792
0.0149275
0.00965149
0.00616011
0.00388316
0.00241872
0.00148929
0.000906864
0.000546316
0.000325717
0.000192257
0.000112386
6.50809e-05
3.73477e-05
2.12405e-05
1.1984e-05
6.69198e-06
3.73222e-06
2.01744e-06
1.17087e-06
5.07383e-07
1
1
1
1
1
1
1
1
1
1
1
1
1
1
1
1
1
1
1
1
1
1
1
1
1
1
1
0.999999
0.999998
0.999996
0.999991
0.99998
0.999958
0.999913
0.999825
0.999657
0.999345
0.998783
0.997798
0.996118
0.993331
0.988831
0.981756
0.970932
0.954814
0.93146
0.898545
0.853436
0.793368
0.715701
0.618304
0.5
0.382414
0.286621
0.210736
0.152138
0.107941
0.0753237
0.0517371
0.0350023
0.0233397
0.0153481
0.00995914
0.00637998
0.004037
0.00252429
0.00156043
0.000954009
0.000577068
0.00034548
0.000204781
0.000120214
6.99177e-05
4.02898e-05
2.30291e-05
1.30223e-05
7.35707e-06
4.02255e-06
2.36645e-06
1.03813e-06
1
1
1
1
1
1
1
1
1
1
1
1
1
1
1
1
1
1
1
1
1
1
1
1
1
1
1
1
0.999999
0.999998
0.999995
0.99999
0.999978
0.999953
0.999904
0.999809
0.999628
0.999296
0.998703
0.997671
0.995924
0.993043
0.988417
0.981185
0.970174
0.95385
0.930292
0.897205
0.852003
0.79197
0.714526
0.617586
0.5
0.383115
0.287743
0.212047
0.153468
0.109177
0.0764039
0.0526369
0.0357232
0.0238985
0.015769
0.010268
0.00660156
0.00419264
0.00263151
0.00163298
0.00100228
0.000608686
0.000365887
0.000217762
0.000128375
7.49607e-05
4.34109e-05
2.48596e-05
1.42286e-05
7.86923e-06
4.69304e-06
2.08444e-06
1
1
1
1
1
1
1
1
1
1
1
1
1
1
1
1
1
1
1
1
1
1
1
1
1
1
1
1
1
0.999999
0.999998
0.999995
0.999988
0.999975
0.999948
0.999894
0.999791
0.999598
0.999245
0.998621
0.997541
0.995726
0.992751
0.988002
0.980615
0.969421
0.952896
0.929139
0.895887
0.850596
0.790603
0.713379
0.616885
0.5
0.383799
0.288839
0.213332
0.154774
0.110394
0.0774704
0.0535281
0.0364394
0.0244554
0.0161898
0.0105781
0.00682478
0.00435001
0.00274034
0.00170691
0.00105167
0.00064117
0.000386926
0.000231226
0.000136829
8.02915e-05
4.6567e-05
2.70049e-05
1.51078e-05
9.1346e-06
4.1083e-06
1
1
1
1
1
1
1
1
1
1
1
1
1
1
1
1
1
1
1
1
1
1
1
1
1
1
1
1
1
1
0.999999
0.999997
0.999994
0.999987
0.999972
0.999942
0.999884
0.999773
0.999566
0.999193
0.998536
0.997409
0.995526
0.992458
0.987586
0.980046
0.968672
0.951951
0.928001
0.894591
0.849216
0.789264
0.712257
0.616201
0.5
0.384466
0.289912
0.214591
0.156057
0.111593
0.0785237
0.0544107
0.037151
0.0250105
0.0166107
0.0108892
0.00704957
0.00450907
0.00285075
0.00178219
0.00110217
0.000674488
0.000408643
0.000245084
0.000145741
8.56123e-05
5.03095e-05
2.84713e-05
1.74544e-05
7.9502e-06
1
1
1
1
1
1
1
1
1
1
1
1
1
1
1
1
1
1
1
1
1
1
1
1
1
1
1
1
1
1
0.999999
0.999999
0.999997
0.999993
0.999985
0.999969
0.999936
0.999873
0.999754
0.999534
0.999139
0.99845
0.997275
0.995323
0.992162
0.987169
0.979479
0.967928
0.951015
0.926879
0.893315
0.847862
0.787953
0.711161
0.615534
0.5
0.385118
0.290961
0.215826
0.157317
0.112773
0.0795639
0.0552848
0.0378578
0.0255637
0.0170315
0.0112013
0.00727583
0.00466975
0.00296267
0.00185882
0.0011537
0.000708731
0.000430854
0.00025967
0.000154509
9.2018e-05
5.26798e-05
3.27489e-05
1.5109e-05
1
1
1
1
1
1
1
1
1
1
1
1
1
1
1
1
1
1
1
1
1
1
1
1
1
1
1
1
1
1
1
0.999999
0.999998
0.999996
0.999992
0.999983
0.999965
0.99993
0.999862
0.999734
0.9995
0.999083
0.998361
0.997138
0.995118
0.991864
0.986751
0.978912
0.967188
0.950089
0.92577
0.892059
0.846532
0.786668
0.710088
0.614882
0.5
0.385755
0.291988
0.217036
0.158556
0.113937
0.0805914
0.0561507
0.03856
0.0261149
0.0174521
0.0115143
0.00750352
0.00483196
0.00307614
0.00193666
0.00120647
0.000743524
0.000454221
0.000273786
0.000165271
9.57191e-05
6.03465e-05
2.82051e-05
1
1
1
1
1
1
1
1
1
1
1
1
1
1
1
1
1
1
1
1
1
1
1
1
1
1
1
1
1
1
1
1
0.999999
0.999998
0.999996
0.999991
0.999981
0.999962
0.999923
0.999849
0.999713
0.999465
0.999026
0.99827
0.996998
0.99491
0.991565
0.986332
0.978347
0.966454
0.949171
0.924676
0.890823
0.845226
0.785409
0.709039
0.614245
0.5
0.386378
0.292994
0.218224
0.159775
0.115083
0.0816065
0.0570084
0.0392575
0.026664
0.0178724
0.0118281
0.0077325
0.00499579
0.00319088
0.0020161
0.00125972
0.000780164
0.00047641
0.000291538
0.000170824
0.000109233
5.17296e-05
1
1
1
1
1
1
1
1
1
1
1
1
1
1
1
1
1
1
1
1
1
1
1
1
1
1
1
1
1
1
1
1
1
0.999999
0.999998
0.999995
0.99999
0.999979
0.999958
0.999916
0.999837
0.999691
0.999428
0.998967
0.998177
0.996857
0.9947
0.991263
0.985913
0.977783
0.965723
0.948263
0.923596
0.889606
0.843943
0.784174
0.708012
0.613622
0.5
0.386987
0.293979
0.219389
0.160972
0.116213
0.0826095
0.057858
0.0399503
0.0272111
0.0182925
0.0121425
0.00796294
0.00516071
0.00330765
0.00209567
0.00131595
0.00081419
0.000505174
0.000299477
0.000194255
9.32283e-05
1
1
1
1
1
1
1
1
1
1
1
1
1
1
1
1
1
1
1
1
1
1
1
1
1
1
1
1
1
1
1
1
1
1
0.999999
0.999998
0.999995
0.999989
0.999977
0.999953
0.999908
0.999823
0.999668
0.99939
0.998907
0.998083
0.996713
0.994488
0.99096
0.985493
0.977221
0.964998
0.947363
0.92253
0.888407
0.842683
0.782964
0.707006
0.613013
0.5
0.387582
0.294944
0.220533
0.16215
0.117326
0.0836005
0.0586998
0.0406385
0.0277562
0.0187119
0.012458
0.00819392
0.00532823
0.00342366
0.00218013
0.00136679
0.000859991
0.000515831
0.000339449
0.00016513
1
1
1
1
1
1
1
1
1
1
1
1
1
1
1
1
1
1
1
1
1
1
1
1
1
1
1
1
1
1
1
1
1
1
0.999999
0.999999
0.999997
0.999994
0.999988
0.999974
0.999949
0.9999
0.999809
0.999644
0.999352
0.998844
0.997986
0.996567
0.994274
0.990655
0.985072
0.97666
0.964277
0.946472
0.921476
0.887227
0.841444
0.781776
0.706021
0.612417
0.5
0.388166
0.29589
0.221656
0.163309
0.118424
0.0845799
0.0595336
0.0413224
0.0282987
0.0191317
0.0127728
0.0084283
0.00549311
0.00354781
0.00225405
0.00143841
0.000873334
0.00058199
0.000287937
1
1
1
1
1
1
1
1
1
1
1
1
1
1
1
1
1
1
1
1
1
1
1
1
1
1
1
1
1
1
1
1
1
1
1
0.999999
0.999999
0.999997
0.999993
0.999986
0.999972
0.999944
0.999892
0.999795
0.99962
0.999311
0.998781
0.997888
0.996419
0.994058
0.990349
0.984652
0.976102
0.963561
0.945589
0.920436
0.886063
0.840225
0.780611
0.705056
0.611834
0.5
0.388736
0.296817
0.22276
0.16445
0.119507
0.0855477
0.0603602
0.0420009
0.0288405
0.0195485
0.0130923
0.00865642
0.00567164
0.00365226
0.00236383
0.00145389
0.000979156
0.000493946
1
1
1
1
1
1
1
1
1
1
1
1
1
1
1
1
1
1
1
1
1
1
1
1
1
1
1
1
1
1
1
1
1
1
1
1
0.999999
0.999998
0.999996
0.999993
0.999985
0.999969
0.999939
0.999883
0.999779
0.999594
0.99927
0.998715
0.997787
0.996269
0.99384
0.990041
0.984231
0.975545
0.962849
0.944715
0.919409
0.884917
0.839028
0.779467
0.70411
0.611263
0.5
0.389295
0.297727
0.223843
0.165573
0.120575
0.0865053
0.0611778
0.0426776
0.0293755
0.0199724
0.0133991
0.00890743
0.00581488
0.00381701
0.00237985
0.00161867
0.000832621
1
1
1
1
1
1
1
1
1
1
1
1
1
1
1
1
1
1
1
1
1
1
1
1
1
1
1
1
1
1
1
1
1
1
1
1
1
0.999999
0.999998
0.999996
0.999992
0.999983
0.999966
0.999934
0.999873
0.999763
0.999568
0.999228
0.998649
0.997685
0.996117
0.99362
0.989732
0.98381
0.974989
0.962142
0.943849
0.918393
0.883787
0.837849
0.778343
0.703182
0.610704
0.499999
0.389843
0.298619
0.224908
0.166677
0.12163
0.0874494
0.0619928
0.0433416
0.0299221
0.0203725
0.013744
0.00909769
0.00605677
0.0038299
0.0026307
0.0013794
1
1
1
1
1
1
1
1
1
1
1
1
1
1
1
1
1
1
1
1
1
1
1
1
1
1
1
1
1
1
1
1
1
1
1
1
1
1
0.999999
0.999998
0.999996
0.999991
0.999981
0.999963
0.999928
0.999864
0.999747
0.999541
0.999184
0.99858
0.997581
0.995963
0.993398
0.989422
0.983389
0.974436
0.96144
0.942992
0.917391
0.882673
0.83669
0.77724
0.702273
0.610156
0.499999
0.390379
0.299495
0.225954
0.167768
0.122666
0.0883916
0.0627861
0.0440251
0.0304267
0.0208352
0.0139878
0.00944525
0.00605926
0.00420387
0.00224682
1
1
1
1
1
1
1
1
1
1
1
1
1
1
1
1
1
1
1
1
1
1
1
1
1
1
1
1
1
1
1
1
1
1
1
1
1
1
1
0.999999
0.999998
0.999995
0.99999
0.999979
0.999959
0.999922
0.999853
0.99973
0.999513
0.999139
0.998511
0.997476
0.995807
0.993175
0.989111
0.982969
0.973885
0.960743
0.942142
0.916399
0.881575
0.83555
0.776157
0.70138
0.60962
0.499998
0.390906
0.300353
0.226988
0.168834
0.123704
0.0892985
0.0636131
0.0446381
0.0310325
0.0211351
0.0144767
0.00942418
0.00660543
0.0035988
1
1
1
1
1
1
1
1
1
1
1
1
1
1
1
1
1
1
1
1
1
1
1
1
1
1
1
1
1
1
1
1
1
1
1
1
1
1
1
0.999999
0.999999
0.999997
0.999994
0.999989
0.999977
0.999956
0.999916
0.999843
0.999712
0.999484
0.999093
0.99844
0.997368
0.99565
0.99295
0.988799
0.982548
0.973336
0.96005
0.9413
0.91542
0.880493
0.834427
0.775091
0.700504
0.609092
0.499998
0.391418
0.301205
0.22799
0.169911
0.124686
0.0902633
0.0643257
0.0454113
0.031383
0.0218087
0.0144102
0.0102055
0.00566883
1
1
1
1
1
1
1
1
1
1
1
1
1
1
1
1
1
1
1
1
1
1
1
1
1
1
1
1
1
1
1
1
1
1
1
1
1
1
1
1
0.999999
0.999999
0.999997
0.999994
0.999987
0.999975
0.999952
0.999909
0.999831
0.999693
0.999454
0.999046
0.998367
0.99726
0.995491
0.992724
0.988486
0.982128
0.972789
0.959362
0.940467
0.914452
0.879425
0.833323
0.774046
0.699647
0.608581
0.499998
0.39194
0.302018
0.229021
0.170903
0.125766
0.0910479
0.0652872
0.045794
0.0322921
0.0216623
0.0155047
0.00878188
1
1
1
1
1
1
1
1
1
1
1
1
1
1
1
1
1
1
1
1
1
1
1
1
1
1
1
1
1
1
1
1
1
1
1
1
1
1
1
1
1
0.999999
0.999998
0.999997
0.999993
0.999986
0.999973
0.999948
0.999902
0.99982
0.999674
0.999423
0.998998
0.998293
0.997149
0.99533
0.992496
0.988172
0.981708
0.972244
0.958678
0.93964
0.913495
0.878371
0.832233
0.773014
0.698798
0.608064
0.500003
0.392403
0.302889
0.229924
0.172055
0.12657
0.0922123
0.0656648
0.0469962
0.0320149
0.0231625
0.0133798
1
1
1
1
1
1
1
1
1
1
1
1
1
1
1
1
1
1
1
1
1
1
1
1
1
1
1
1
1
1
1
1
1
1
1
1
1
1
1
1
1
1
0.999999
0.999998
0.999996
0.999992
0.999985
0.999971
0.999944
0.999895
0.999808
0.999655
0.999391
0.998948
0.998218
0.997037
0.995168
0.992268
0.987858
0.981288
0.971702
0.957999
0.938823
0.912552
0.877336
0.83117
0.772016
0.697991
0.607611
0.50001
0.392998
0.303577
0.231085
0.172794
0.127943
0.0925217
0.0672219
0.0465163
0.0340257
0.0200488
1
1
1
1
1
1
1
1
1
1
1
1
1
1
1
1
1
1
1
1
1
1
1
1
1
1
1
1
1
1
1
1
1
1
1
1
1
1
1
1
1
1
1
0.999999
0.999998
0.999996
0.999992
0.999984
0.999968
0.99994
0.999888
0.999795
0.999634
0.999359
0.998898
0.998141
0.996924
0.995004
0.992037
0.987542
0.980869
0.97116
0.957323
0.938009
0.911611
0.876301
0.830098
0.770993
0.697134
0.607038
0.50003
0.393269
0.30465
0.231634
0.174367
0.128088
0.0944965
0.0664427
0.0491494
0.0295463
1
1
1
1
1
1
1
1
1
1
1
1
1
1
1
1
1
1
1
1
1
1
1
1
1
1
1
1
1
1
1
1
1
1
1
1
1
1
1
1
1
1
1
0.999999
0.999999
0.999998
0.999995
0.999991
0.999982
0.999965
0.999935
0.99988
0.999782
0.999613
0.999326
0.998846
0.998063
0.996809
0.994839
0.991806
0.987227
0.980452
0.970625
0.95666
0.937216
0.910706
0.875322
0.829112
0.770101
0.696465
0.606802
0.500056
0.39425
0.304877
0.233396
0.174217
0.13054
0.0932943
0.0698074
0.0428241
1
1
1
1
1
1
1
1
1
1
1
1
1
1
1
1
1
1
1
1
1
1
1
1
1
1
1
1
1
1
1
1
1
1
1
1
1
1
1
1
1
1
1
1
0.999999
0.999999
0.999998
0.999995
0.99999
0.99998
0.999963
0.99993
0.999872
0.999769
0.999591
0.999291
0.998794
0.997984
0.996692
0.994672
0.991572
0.986908
0.980028
0.970079
0.955977
0.936391
0.909745
0.874248
0.827971
0.76896
0.695426
0.605875
0.500082
0.393882
0.306782
0.232775
0.177195
0.128764
0.0974845
0.0610425
1
1
1
1
1
1
1
1
1
1
1
1
1
1
1
1
1
1
1
1
1
1
1
1
1
1
1
1
1
1
1
1
1
1
1
1
1
1
1
1
1
1
1
1
1
0.999999
0.999999
0.999997
0.999994
0.999989
0.999979
0.99996
0.999925
0.999863
0.999755
0.999569
0.999256
0.99874
0.997904
0.996576
0.994507
0.991343
0.986601
0.979628
0.969574
0.955364
0.935679
0.908962
0.873449
0.827242
0.768429
0.695234
0.606301
0.500145
0.396124
0.305546
0.236332
0.174679
0.133843
0.0855693
1
1
1
1
1
1
1
1
1
1
1
1
1
1
1
1
1
1
1
1
1
1
1
1
1
1
1
1
1
1
1
1
1
1
1
1
1
1
1
1
1
1
1
1
1
1
0.999999
0.999998
0.999997
0.999994
0.999988
0.999977
0.999957
0.99992
0.999854
0.99974
0.999546
0.99922
0.998684
0.99782
0.996452
0.994328
0.991092
0.986255
0.979164
0.968967
0.954589
0.934716
0.907797
0.872079
0.825677
0.766688
0.693369
0.604128
0.50015
0.394005
0.309701
0.232902
0.180659
0.117958
1
1
1
1
1
1
1
1
1
1
1
1
1
1
1
1
1
1
1
1
1
1
1
1
1
1
1
1
1
1
1
1
1
1
1
1
1
1
1
1
1
1
1
1
1
1
1
0.999999
0.999998
0.999997
0.999993
0.999987
0.999975
0.999953
0.999914
0.999845
0.999726
0.999524
0.999186
0.998633
0.997746
0.996347
0.994184
0.9909
0.986009
0.978861
0.968612
0.954199
0.934329
0.907475
0.871918
0.825811
0.767296
0.694601
0.606266
0.500243
0.399093
0.305294
0.239768
0.159902
1
1
1
1
1
1
1
1
1
1
1
1
1
1
1
1
1
1
1
1
1
1
1
1
1
1
1
1
1
1
1
1
1
1
1
1
1
1
1
1
1
1
1
1
1
1
1
1
0.999999
0.999998
0.999996
0.999993
0.999986
0.999973
0.99995
0.999908
0.999835
0.999708
0.999495
0.99914
0.998561
0.997635
0.996181
0.99394
0.99055
0.985516
0.97818
0.967691
0.95298
0.932747
0.905467
0.869422
0.822778
0.763676
0.690379
0.60112
0.50009
0.393516
0.312945
0.213177
1
1
1
1
1
1
1
1
1
1
1
1
1
1
1
1
1
1
1
1
1
1
1
1
1
1
1
1
1
1
1
1
1
1
1
1
1
1
1
1
1
1
1
1
1
1
1
1
1
0.999999
0.999998
0.999996
0.999992
0.999985
0.999972
0.999947
0.999904
0.999829
0.9997
0.999484
0.999126
0.998545
0.997618
0.996166
0.993934
0.990564
0.985571
0.978308
0.967941
0.953419
0.933467
0.906585
0.871083
0.825143
0.766915
0.694561
0.606448
0.500158
0.402281
0.279602
1
1
1
1
1
1
1
1
1
1
1
1
1
1
1
1
1
1
1
1
1
1
1
1
1
1
1
1
1
1
1
1
1
1
1
1
1
1
1
1
1
1
1
1
1
1
1
1
1
0.999999
0.999999
0.999998
0.999995
0.999991
0.999983
0.999967
0.99994
0.999891
0.999806
0.99966
0.999417
0.999019
0.998378
0.997364
0.995787
0.993379
0.989769
0.984454
0.976773
0.965875
0.950703
0.92998
0.902218
0.865756
0.818822
0.759596
0.686323
0.596998
0.499424
0.360901
1
1
1
1
1
1
1
1
1
1
1
1
1
1
1
1
1
1
1
1
1
1
1
1
1
1
1
1
1
1
1
1
1
1
1
1
1
1
1
1
1
1
1
1
1
1
1
1
1
1
0.999999
0.999999
0.999998
0.999996
0.999992
0.999985
0.999972
0.999948
0.999906
0.999834
0.999711
0.999504
0.999164
0.998614
0.997741
0.996381
0.994296
0.99116
0.986526
0.979802
0.970223
0.956826
0.938441
0.913686
0.880997
0.838673
0.784941
0.718004
0.636144
0.497561
)
;

boundaryField
{
    left
    {
        type            fixedValue;
        value           uniform 1;
    }
    right
    {
        type            zeroGradient;
    }
    up
    {
        type            zeroGradient;
    }
    down
    {
        type            fixedValue;
        value           uniform 0;
    }
    frontAndBack
    {
        type            empty;
    }
}


// ************************************************************************* //
