/*--------------------------------*- C++ -*----------------------------------*\
| =========                 |                                                 |
| \\      /  F ield         | OpenFOAM: The Open Source CFD Toolbox           |
|  \\    /   O peration     | Version:  2.3.x                                 |
|   \\  /    A nd           | Web:      www.OpenFOAM.org                      |
|    \\/     M anipulation  |                                                 |
\*---------------------------------------------------------------------------*/
FoamFile
{
    version     2.0;
    format      ascii;
    class       faceList;
    location    "constant/polyMesh";
    object      faces;
}
// * * * * * * * * * * * * * * * * * * * * * * * * * * * * * * * * * * * * * //


2449
(
4(1 14 352 339)
4(13 351 352 14)
4(2 15 353 340)
4(14 352 353 15)
4(3 16 354 341)
4(15 353 354 16)
4(4 17 355 342)
4(16 354 355 17)
4(5 18 356 343)
4(17 355 356 18)
4(6 19 357 344)
4(18 356 357 19)
4(7 20 358 345)
4(19 357 358 20)
4(8 21 359 346)
4(20 358 359 21)
4(9 22 360 347)
4(21 359 360 22)
4(10 23 361 348)
4(22 360 361 23)
4(11 24 362 349)
4(23 361 362 24)
4(24 362 363 25)
4(12 25 363 350)
4(14 27 365 352)
4(26 364 365 27)
4(15 28 366 353)
4(27 365 366 28)
4(16 29 367 354)
4(28 366 367 29)
4(17 30 368 355)
4(29 367 368 30)
4(18 31 369 356)
4(30 368 369 31)
4(19 32 370 357)
4(31 369 370 32)
4(20 33 371 358)
4(32 370 371 33)
4(21 34 372 359)
4(33 371 372 34)
4(22 35 373 360)
4(34 372 373 35)
4(23 36 374 361)
4(35 373 374 36)
4(24 37 375 362)
4(36 374 375 37)
4(37 375 376 38)
4(25 38 376 363)
4(27 40 378 365)
4(39 377 378 40)
4(28 41 379 366)
4(40 378 379 41)
4(29 42 380 367)
4(41 379 380 42)
4(30 43 381 368)
4(42 380 381 43)
4(31 44 382 369)
4(43 381 382 44)
4(32 45 383 370)
4(44 382 383 45)
4(33 46 384 371)
4(45 383 384 46)
4(34 47 385 372)
4(46 384 385 47)
4(35 48 386 373)
4(47 385 386 48)
4(36 49 387 374)
4(48 386 387 49)
4(37 50 388 375)
4(49 387 388 50)
4(50 388 389 51)
4(38 51 389 376)
4(40 53 391 378)
4(52 390 391 53)
4(41 54 392 379)
4(53 391 392 54)
4(42 55 393 380)
4(54 392 393 55)
4(43 56 394 381)
4(55 393 394 56)
4(44 57 395 382)
4(56 394 395 57)
4(45 58 396 383)
4(57 395 396 58)
4(46 59 397 384)
4(58 396 397 59)
4(47 60 398 385)
4(59 397 398 60)
4(48 61 399 386)
4(60 398 399 61)
4(49 62 400 387)
4(61 399 400 62)
4(50 63 401 388)
4(62 400 401 63)
4(63 401 402 64)
4(51 64 402 389)
4(53 66 404 391)
4(65 403 404 66)
4(54 67 405 392)
4(66 404 405 67)
4(55 68 406 393)
4(67 405 406 68)
4(56 69 407 394)
4(68 406 407 69)
4(57 70 408 395)
4(69 407 408 70)
4(58 71 409 396)
4(70 408 409 71)
4(59 72 410 397)
4(71 409 410 72)
4(60 73 411 398)
4(72 410 411 73)
4(61 74 412 399)
4(73 411 412 74)
4(62 75 413 400)
4(74 412 413 75)
4(63 76 414 401)
4(75 413 414 76)
4(76 414 415 77)
4(64 77 415 402)
4(66 79 417 404)
4(78 416 417 79)
4(67 80 418 405)
4(79 417 418 80)
4(68 81 419 406)
4(80 418 419 81)
4(69 82 420 407)
4(81 419 420 82)
4(70 83 421 408)
4(82 420 421 83)
4(71 84 422 409)
4(83 421 422 84)
4(72 85 423 410)
4(84 422 423 85)
4(73 86 424 411)
4(85 423 424 86)
4(74 87 425 412)
4(86 424 425 87)
4(75 88 426 413)
4(87 425 426 88)
4(76 89 427 414)
4(88 426 427 89)
4(89 427 428 90)
4(77 90 428 415)
4(79 92 430 417)
4(91 429 430 92)
4(80 93 431 418)
4(92 430 431 93)
4(81 94 432 419)
4(93 431 432 94)
4(82 95 433 420)
4(94 432 433 95)
4(83 96 434 421)
4(95 433 434 96)
4(84 97 435 422)
4(96 434 435 97)
4(85 98 436 423)
4(97 435 436 98)
4(86 99 437 424)
4(98 436 437 99)
4(87 100 438 425)
4(99 437 438 100)
4(88 101 439 426)
4(100 438 439 101)
4(89 102 440 427)
4(101 439 440 102)
4(102 440 441 103)
4(90 103 441 428)
4(92 105 443 430)
4(104 442 443 105)
4(93 106 444 431)
4(105 443 444 106)
4(94 107 445 432)
4(106 444 445 107)
4(95 108 446 433)
4(107 445 446 108)
4(96 109 447 434)
4(108 446 447 109)
4(97 110 448 435)
4(109 447 448 110)
4(98 111 449 436)
4(110 448 449 111)
4(99 112 450 437)
4(111 449 450 112)
4(100 113 451 438)
4(112 450 451 113)
4(101 114 452 439)
4(113 451 452 114)
4(102 115 453 440)
4(114 452 453 115)
4(115 453 454 116)
4(103 116 454 441)
4(105 118 456 443)
4(117 455 456 118)
4(106 119 457 444)
4(118 456 457 119)
4(107 120 458 445)
4(119 457 458 120)
4(108 121 459 446)
4(120 458 459 121)
4(109 122 460 447)
4(121 459 460 122)
4(110 123 461 448)
4(122 460 461 123)
4(111 124 462 449)
4(123 461 462 124)
4(112 125 463 450)
4(124 462 463 125)
4(113 126 464 451)
4(125 463 464 126)
4(114 127 465 452)
4(126 464 465 127)
4(115 128 466 453)
4(127 465 466 128)
4(128 466 467 129)
4(116 129 467 454)
4(118 131 469 456)
4(130 468 469 131)
4(119 132 470 457)
4(131 469 470 132)
4(120 133 471 458)
4(132 470 471 133)
4(121 134 472 459)
4(133 471 472 134)
4(122 135 473 460)
4(134 472 473 135)
4(123 136 474 461)
4(135 473 474 136)
4(124 137 475 462)
4(136 474 475 137)
4(125 138 476 463)
4(137 475 476 138)
4(126 139 477 464)
4(138 476 477 139)
4(127 140 478 465)
4(139 477 478 140)
4(128 141 479 466)
4(140 478 479 141)
4(141 479 480 142)
4(129 142 480 467)
4(131 144 482 469)
4(143 481 482 144)
4(132 145 483 470)
4(144 482 483 145)
4(133 146 484 471)
4(145 483 484 146)
4(134 147 485 472)
4(146 484 485 147)
4(135 148 486 473)
4(147 485 486 148)
4(136 149 487 474)
4(148 486 487 149)
4(137 150 488 475)
4(149 487 488 150)
4(138 151 489 476)
4(150 488 489 151)
4(139 152 490 477)
4(151 489 490 152)
4(140 153 491 478)
4(152 490 491 153)
4(141 154 492 479)
4(153 491 492 154)
4(154 492 493 155)
4(142 155 493 480)
4(144 157 495 482)
4(156 494 495 157)
4(145 158 496 483)
4(157 495 496 158)
4(146 159 497 484)
4(158 496 497 159)
4(147 160 498 485)
4(159 497 498 160)
4(148 161 499 486)
4(160 498 499 161)
4(149 162 500 487)
4(161 499 500 162)
4(150 163 501 488)
4(162 500 501 163)
4(151 164 502 489)
4(163 501 502 164)
4(152 165 503 490)
4(164 502 503 165)
4(153 166 504 491)
4(165 503 504 166)
4(154 167 505 492)
4(166 504 505 167)
4(167 505 506 168)
4(155 168 506 493)
4(157 170 508 495)
4(169 507 508 170)
4(158 171 509 496)
4(170 508 509 171)
4(159 172 510 497)
4(171 509 510 172)
4(160 173 511 498)
4(172 510 511 173)
4(161 174 512 499)
4(173 511 512 174)
4(162 175 513 500)
4(174 512 513 175)
4(163 176 514 501)
4(175 513 514 176)
4(164 177 515 502)
4(176 514 515 177)
4(165 178 516 503)
4(177 515 516 178)
4(166 179 517 504)
4(178 516 517 179)
4(167 180 518 505)
4(179 517 518 180)
4(180 518 519 181)
4(168 181 519 506)
4(170 183 521 508)
4(182 520 521 183)
4(171 184 522 509)
4(183 521 522 184)
4(172 185 523 510)
4(184 522 523 185)
4(173 186 524 511)
4(185 523 524 186)
4(174 187 525 512)
4(186 524 525 187)
4(175 188 526 513)
4(187 525 526 188)
4(176 189 527 514)
4(188 526 527 189)
4(177 190 528 515)
4(189 527 528 190)
4(178 191 529 516)
4(190 528 529 191)
4(179 192 530 517)
4(191 529 530 192)
4(180 193 531 518)
4(192 530 531 193)
4(193 531 532 194)
4(181 194 532 519)
4(183 196 534 521)
4(195 533 534 196)
4(184 197 535 522)
4(196 534 535 197)
4(185 198 536 523)
4(197 535 536 198)
4(186 199 537 524)
4(198 536 537 199)
4(187 200 538 525)
4(199 537 538 200)
4(188 201 539 526)
4(200 538 539 201)
4(189 202 540 527)
4(201 539 540 202)
4(190 203 541 528)
4(202 540 541 203)
4(191 204 542 529)
4(203 541 542 204)
4(192 205 543 530)
4(204 542 543 205)
4(193 206 544 531)
4(205 543 544 206)
4(206 544 545 207)
4(194 207 545 532)
4(196 209 547 534)
4(208 546 547 209)
4(197 210 548 535)
4(209 547 548 210)
4(198 211 549 536)
4(210 548 549 211)
4(199 212 550 537)
4(211 549 550 212)
4(200 213 551 538)
4(212 550 551 213)
4(201 214 552 539)
4(213 551 552 214)
4(202 215 553 540)
4(214 552 553 215)
4(203 216 554 541)
4(215 553 554 216)
4(204 217 555 542)
4(216 554 555 217)
4(205 218 556 543)
4(217 555 556 218)
4(206 219 557 544)
4(218 556 557 219)
4(219 557 558 220)
4(207 220 558 545)
4(209 222 560 547)
4(221 559 560 222)
4(210 223 561 548)
4(222 560 561 223)
4(211 224 562 549)
4(223 561 562 224)
4(212 225 563 550)
4(224 562 563 225)
4(213 226 564 551)
4(225 563 564 226)
4(214 227 565 552)
4(226 564 565 227)
4(215 228 566 553)
4(227 565 566 228)
4(216 229 567 554)
4(228 566 567 229)
4(217 230 568 555)
4(229 567 568 230)
4(218 231 569 556)
4(230 568 569 231)
4(219 232 570 557)
4(231 569 570 232)
4(232 570 571 233)
4(220 233 571 558)
4(222 235 573 560)
4(234 572 573 235)
4(223 236 574 561)
4(235 573 574 236)
4(224 237 575 562)
4(236 574 575 237)
4(225 238 576 563)
4(237 575 576 238)
4(226 239 577 564)
4(238 576 577 239)
4(227 240 578 565)
4(239 577 578 240)
4(228 241 579 566)
4(240 578 579 241)
4(229 242 580 567)
4(241 579 580 242)
4(230 243 581 568)
4(242 580 581 243)
4(231 244 582 569)
4(243 581 582 244)
4(232 245 583 570)
4(244 582 583 245)
4(245 583 584 246)
4(233 246 584 571)
4(235 248 586 573)
4(247 585 586 248)
4(236 249 587 574)
4(248 586 587 249)
4(237 250 588 575)
4(249 587 588 250)
4(238 251 589 576)
4(250 588 589 251)
4(239 252 590 577)
4(251 589 590 252)
4(240 253 591 578)
4(252 590 591 253)
4(241 254 592 579)
4(253 591 592 254)
4(242 255 593 580)
4(254 592 593 255)
4(243 256 594 581)
4(255 593 594 256)
4(244 257 595 582)
4(256 594 595 257)
4(245 258 596 583)
4(257 595 596 258)
4(258 596 597 259)
4(246 259 597 584)
4(248 261 599 586)
4(260 598 599 261)
4(249 262 600 587)
4(261 599 600 262)
4(250 263 601 588)
4(262 600 601 263)
4(251 264 602 589)
4(263 601 602 264)
4(252 265 603 590)
4(264 602 603 265)
4(253 266 604 591)
4(265 603 604 266)
4(254 267 605 592)
4(266 604 605 267)
4(255 268 606 593)
4(267 605 606 268)
4(256 269 607 594)
4(268 606 607 269)
4(257 270 608 595)
4(269 607 608 270)
4(258 271 609 596)
4(270 608 609 271)
4(271 609 610 272)
4(259 272 610 597)
4(261 274 612 599)
4(273 611 612 274)
4(262 275 613 600)
4(274 612 613 275)
4(263 276 614 601)
4(275 613 614 276)
4(264 277 615 602)
4(276 614 615 277)
4(265 278 616 603)
4(277 615 616 278)
4(266 279 617 604)
4(278 616 617 279)
4(267 280 618 605)
4(279 617 618 280)
4(268 281 619 606)
4(280 618 619 281)
4(269 282 620 607)
4(281 619 620 282)
4(270 283 621 608)
4(282 620 621 283)
4(271 284 622 609)
4(283 621 622 284)
4(284 622 623 285)
4(272 285 623 610)
4(274 287 625 612)
4(286 624 625 287)
4(275 288 626 613)
4(287 625 626 288)
4(276 289 627 614)
4(288 626 627 289)
4(277 290 628 615)
4(289 627 628 290)
4(278 291 629 616)
4(290 628 629 291)
4(279 292 630 617)
4(291 629 630 292)
4(280 293 631 618)
4(292 630 631 293)
4(281 294 632 619)
4(293 631 632 294)
4(282 295 633 620)
4(294 632 633 295)
4(283 296 634 621)
4(295 633 634 296)
4(284 297 635 622)
4(296 634 635 297)
4(297 635 636 298)
4(285 298 636 623)
4(287 300 638 625)
4(299 637 638 300)
4(288 301 639 626)
4(300 638 639 301)
4(289 302 640 627)
4(301 639 640 302)
4(290 303 641 628)
4(302 640 641 303)
4(291 304 642 629)
4(303 641 642 304)
4(292 305 643 630)
4(304 642 643 305)
4(293 306 644 631)
4(305 643 644 306)
4(294 307 645 632)
4(306 644 645 307)
4(295 308 646 633)
4(307 645 646 308)
4(296 309 647 634)
4(308 646 647 309)
4(297 310 648 635)
4(309 647 648 310)
4(310 648 649 311)
4(298 311 649 636)
4(300 313 651 638)
4(312 650 651 313)
4(301 314 652 639)
4(313 651 652 314)
4(302 315 653 640)
4(314 652 653 315)
4(303 316 654 641)
4(315 653 654 316)
4(304 317 655 642)
4(316 654 655 317)
4(305 318 656 643)
4(317 655 656 318)
4(306 319 657 644)
4(318 656 657 319)
4(307 320 658 645)
4(319 657 658 320)
4(308 321 659 646)
4(320 658 659 321)
4(309 322 660 647)
4(321 659 660 322)
4(310 323 661 648)
4(322 660 661 323)
4(323 661 662 324)
4(311 324 662 649)
4(313 326 664 651)
4(314 327 665 652)
4(315 328 666 653)
4(316 329 667 654)
4(317 330 668 655)
4(318 331 669 656)
4(319 332 670 657)
4(320 333 671 658)
4(321 334 672 659)
4(322 335 673 660)
4(323 336 674 661)
4(324 337 675 662)
4(676 688 1000 988)
4(25 363 1000 688)
4(677 689 1001 989)
4(688 1000 1001 689)
4(678 690 1002 990)
4(689 1001 1002 690)
4(679 691 1003 991)
4(690 1002 1003 691)
4(680 692 1004 992)
4(691 1003 1004 692)
4(681 693 1005 993)
4(692 1004 1005 693)
4(682 694 1006 994)
4(693 1005 1006 694)
4(683 695 1007 995)
4(694 1006 1007 695)
4(684 696 1008 996)
4(695 1007 1008 696)
4(685 697 1009 997)
4(696 1008 1009 697)
4(686 698 1010 998)
4(697 1009 1010 698)
4(698 1010 1011 699)
4(688 700 1012 1000)
4(38 376 1012 700)
4(689 701 1013 1001)
4(700 1012 1013 701)
4(690 702 1014 1002)
4(701 1013 1014 702)
4(691 703 1015 1003)
4(702 1014 1015 703)
4(692 704 1016 1004)
4(703 1015 1016 704)
4(693 705 1017 1005)
4(704 1016 1017 705)
4(694 706 1018 1006)
4(705 1017 1018 706)
4(695 707 1019 1007)
4(706 1018 1019 707)
4(696 708 1020 1008)
4(707 1019 1020 708)
4(697 709 1021 1009)
4(708 1020 1021 709)
4(698 710 1022 1010)
4(709 1021 1022 710)
4(710 1022 1023 711)
4(700 712 1024 1012)
4(51 389 1024 712)
4(701 713 1025 1013)
4(712 1024 1025 713)
4(702 714 1026 1014)
4(713 1025 1026 714)
4(703 715 1027 1015)
4(714 1026 1027 715)
4(704 716 1028 1016)
4(715 1027 1028 716)
4(705 717 1029 1017)
4(716 1028 1029 717)
4(706 718 1030 1018)
4(717 1029 1030 718)
4(707 719 1031 1019)
4(718 1030 1031 719)
4(708 720 1032 1020)
4(719 1031 1032 720)
4(709 721 1033 1021)
4(720 1032 1033 721)
4(710 722 1034 1022)
4(721 1033 1034 722)
4(722 1034 1035 723)
4(712 724 1036 1024)
4(64 402 1036 724)
4(713 725 1037 1025)
4(724 1036 1037 725)
4(714 726 1038 1026)
4(725 1037 1038 726)
4(715 727 1039 1027)
4(726 1038 1039 727)
4(716 728 1040 1028)
4(727 1039 1040 728)
4(717 729 1041 1029)
4(728 1040 1041 729)
4(718 730 1042 1030)
4(729 1041 1042 730)
4(719 731 1043 1031)
4(730 1042 1043 731)
4(720 732 1044 1032)
4(731 1043 1044 732)
4(721 733 1045 1033)
4(732 1044 1045 733)
4(722 734 1046 1034)
4(733 1045 1046 734)
4(734 1046 1047 735)
4(724 736 1048 1036)
4(77 415 1048 736)
4(725 737 1049 1037)
4(736 1048 1049 737)
4(726 738 1050 1038)
4(737 1049 1050 738)
4(727 739 1051 1039)
4(738 1050 1051 739)
4(728 740 1052 1040)
4(739 1051 1052 740)
4(729 741 1053 1041)
4(740 1052 1053 741)
4(730 742 1054 1042)
4(741 1053 1054 742)
4(731 743 1055 1043)
4(742 1054 1055 743)
4(732 744 1056 1044)
4(743 1055 1056 744)
4(733 745 1057 1045)
4(744 1056 1057 745)
4(734 746 1058 1046)
4(745 1057 1058 746)
4(746 1058 1059 747)
4(736 748 1060 1048)
4(90 428 1060 748)
4(737 749 1061 1049)
4(748 1060 1061 749)
4(738 750 1062 1050)
4(749 1061 1062 750)
4(739 751 1063 1051)
4(750 1062 1063 751)
4(740 752 1064 1052)
4(751 1063 1064 752)
4(741 753 1065 1053)
4(752 1064 1065 753)
4(742 754 1066 1054)
4(753 1065 1066 754)
4(743 755 1067 1055)
4(754 1066 1067 755)
4(744 756 1068 1056)
4(755 1067 1068 756)
4(745 757 1069 1057)
4(756 1068 1069 757)
4(746 758 1070 1058)
4(757 1069 1070 758)
4(758 1070 1071 759)
4(748 760 1072 1060)
4(103 441 1072 760)
4(749 761 1073 1061)
4(760 1072 1073 761)
4(750 762 1074 1062)
4(761 1073 1074 762)
4(751 763 1075 1063)
4(762 1074 1075 763)
4(752 764 1076 1064)
4(763 1075 1076 764)
4(753 765 1077 1065)
4(764 1076 1077 765)
4(754 766 1078 1066)
4(765 1077 1078 766)
4(755 767 1079 1067)
4(766 1078 1079 767)
4(756 768 1080 1068)
4(767 1079 1080 768)
4(757 769 1081 1069)
4(768 1080 1081 769)
4(758 770 1082 1070)
4(769 1081 1082 770)
4(770 1082 1083 771)
4(760 772 1084 1072)
4(116 454 1084 772)
4(761 773 1085 1073)
4(772 1084 1085 773)
4(762 774 1086 1074)
4(773 1085 1086 774)
4(763 775 1087 1075)
4(774 1086 1087 775)
4(764 776 1088 1076)
4(775 1087 1088 776)
4(765 777 1089 1077)
4(776 1088 1089 777)
4(766 778 1090 1078)
4(777 1089 1090 778)
4(767 779 1091 1079)
4(778 1090 1091 779)
4(768 780 1092 1080)
4(779 1091 1092 780)
4(769 781 1093 1081)
4(780 1092 1093 781)
4(770 782 1094 1082)
4(781 1093 1094 782)
4(782 1094 1095 783)
4(772 784 1096 1084)
4(129 467 1096 784)
4(773 785 1097 1085)
4(784 1096 1097 785)
4(774 786 1098 1086)
4(785 1097 1098 786)
4(775 787 1099 1087)
4(786 1098 1099 787)
4(776 788 1100 1088)
4(787 1099 1100 788)
4(777 789 1101 1089)
4(788 1100 1101 789)
4(778 790 1102 1090)
4(789 1101 1102 790)
4(779 791 1103 1091)
4(790 1102 1103 791)
4(780 792 1104 1092)
4(791 1103 1104 792)
4(781 793 1105 1093)
4(792 1104 1105 793)
4(782 794 1106 1094)
4(793 1105 1106 794)
4(794 1106 1107 795)
4(784 796 1108 1096)
4(142 480 1108 796)
4(785 797 1109 1097)
4(796 1108 1109 797)
4(786 798 1110 1098)
4(797 1109 1110 798)
4(787 799 1111 1099)
4(798 1110 1111 799)
4(788 800 1112 1100)
4(799 1111 1112 800)
4(789 801 1113 1101)
4(800 1112 1113 801)
4(790 802 1114 1102)
4(801 1113 1114 802)
4(791 803 1115 1103)
4(802 1114 1115 803)
4(792 804 1116 1104)
4(803 1115 1116 804)
4(793 805 1117 1105)
4(804 1116 1117 805)
4(794 806 1118 1106)
4(805 1117 1118 806)
4(806 1118 1119 807)
4(796 808 1120 1108)
4(155 493 1120 808)
4(797 809 1121 1109)
4(808 1120 1121 809)
4(798 810 1122 1110)
4(809 1121 1122 810)
4(799 811 1123 1111)
4(810 1122 1123 811)
4(800 812 1124 1112)
4(811 1123 1124 812)
4(801 813 1125 1113)
4(812 1124 1125 813)
4(802 814 1126 1114)
4(813 1125 1126 814)
4(803 815 1127 1115)
4(814 1126 1127 815)
4(804 816 1128 1116)
4(815 1127 1128 816)
4(805 817 1129 1117)
4(816 1128 1129 817)
4(806 818 1130 1118)
4(817 1129 1130 818)
4(818 1130 1131 819)
4(808 820 1132 1120)
4(168 506 1132 820)
4(809 821 1133 1121)
4(820 1132 1133 821)
4(810 822 1134 1122)
4(821 1133 1134 822)
4(811 823 1135 1123)
4(822 1134 1135 823)
4(812 824 1136 1124)
4(823 1135 1136 824)
4(813 825 1137 1125)
4(824 1136 1137 825)
4(814 826 1138 1126)
4(825 1137 1138 826)
4(815 827 1139 1127)
4(826 1138 1139 827)
4(816 828 1140 1128)
4(827 1139 1140 828)
4(817 829 1141 1129)
4(828 1140 1141 829)
4(818 830 1142 1130)
4(829 1141 1142 830)
4(830 1142 1143 831)
4(820 832 1144 1132)
4(181 519 1144 832)
4(821 833 1145 1133)
4(832 1144 1145 833)
4(822 834 1146 1134)
4(833 1145 1146 834)
4(823 835 1147 1135)
4(834 1146 1147 835)
4(824 836 1148 1136)
4(835 1147 1148 836)
4(825 837 1149 1137)
4(836 1148 1149 837)
4(826 838 1150 1138)
4(837 1149 1150 838)
4(827 839 1151 1139)
4(838 1150 1151 839)
4(828 840 1152 1140)
4(839 1151 1152 840)
4(829 841 1153 1141)
4(840 1152 1153 841)
4(830 842 1154 1142)
4(841 1153 1154 842)
4(842 1154 1155 843)
4(832 844 1156 1144)
4(194 532 1156 844)
4(833 845 1157 1145)
4(844 1156 1157 845)
4(834 846 1158 1146)
4(845 1157 1158 846)
4(835 847 1159 1147)
4(846 1158 1159 847)
4(836 848 1160 1148)
4(847 1159 1160 848)
4(837 849 1161 1149)
4(848 1160 1161 849)
4(838 850 1162 1150)
4(849 1161 1162 850)
4(839 851 1163 1151)
4(850 1162 1163 851)
4(840 852 1164 1152)
4(851 1163 1164 852)
4(841 853 1165 1153)
4(852 1164 1165 853)
4(842 854 1166 1154)
4(853 1165 1166 854)
4(854 1166 1167 855)
4(844 856 1168 1156)
4(207 545 1168 856)
4(845 857 1169 1157)
4(856 1168 1169 857)
4(846 858 1170 1158)
4(857 1169 1170 858)
4(847 859 1171 1159)
4(858 1170 1171 859)
4(848 860 1172 1160)
4(859 1171 1172 860)
4(849 861 1173 1161)
4(860 1172 1173 861)
4(850 862 1174 1162)
4(861 1173 1174 862)
4(851 863 1175 1163)
4(862 1174 1175 863)
4(852 864 1176 1164)
4(863 1175 1176 864)
4(853 865 1177 1165)
4(864 1176 1177 865)
4(854 866 1178 1166)
4(865 1177 1178 866)
4(866 1178 1179 867)
4(856 868 1180 1168)
4(220 558 1180 868)
4(857 869 1181 1169)
4(868 1180 1181 869)
4(858 870 1182 1170)
4(869 1181 1182 870)
4(859 871 1183 1171)
4(870 1182 1183 871)
4(860 872 1184 1172)
4(871 1183 1184 872)
4(861 873 1185 1173)
4(872 1184 1185 873)
4(862 874 1186 1174)
4(873 1185 1186 874)
4(863 875 1187 1175)
4(874 1186 1187 875)
4(864 876 1188 1176)
4(875 1187 1188 876)
4(865 877 1189 1177)
4(876 1188 1189 877)
4(866 878 1190 1178)
4(877 1189 1190 878)
4(878 1190 1191 879)
4(868 880 1192 1180)
4(233 571 1192 880)
4(869 881 1193 1181)
4(880 1192 1193 881)
4(870 882 1194 1182)
4(881 1193 1194 882)
4(871 883 1195 1183)
4(882 1194 1195 883)
4(872 884 1196 1184)
4(883 1195 1196 884)
4(873 885 1197 1185)
4(884 1196 1197 885)
4(874 886 1198 1186)
4(885 1197 1198 886)
4(875 887 1199 1187)
4(886 1198 1199 887)
4(876 888 1200 1188)
4(887 1199 1200 888)
4(877 889 1201 1189)
4(888 1200 1201 889)
4(878 890 1202 1190)
4(889 1201 1202 890)
4(890 1202 1203 891)
4(880 892 1204 1192)
4(246 584 1204 892)
4(881 893 1205 1193)
4(892 1204 1205 893)
4(882 894 1206 1194)
4(893 1205 1206 894)
4(883 895 1207 1195)
4(894 1206 1207 895)
4(884 896 1208 1196)
4(895 1207 1208 896)
4(885 897 1209 1197)
4(896 1208 1209 897)
4(886 898 1210 1198)
4(897 1209 1210 898)
4(887 899 1211 1199)
4(898 1210 1211 899)
4(888 900 1212 1200)
4(899 1211 1212 900)
4(889 901 1213 1201)
4(900 1212 1213 901)
4(890 902 1214 1202)
4(901 1213 1214 902)
4(902 1214 1215 903)
4(892 904 1216 1204)
4(259 597 1216 904)
4(893 905 1217 1205)
4(904 1216 1217 905)
4(894 906 1218 1206)
4(905 1217 1218 906)
4(895 907 1219 1207)
4(906 1218 1219 907)
4(896 908 1220 1208)
4(907 1219 1220 908)
4(897 909 1221 1209)
4(908 1220 1221 909)
4(898 910 1222 1210)
4(909 1221 1222 910)
4(899 911 1223 1211)
4(910 1222 1223 911)
4(900 912 1224 1212)
4(911 1223 1224 912)
4(901 913 1225 1213)
4(912 1224 1225 913)
4(902 914 1226 1214)
4(913 1225 1226 914)
4(914 1226 1227 915)
4(904 916 1228 1216)
4(272 610 1228 916)
4(905 917 1229 1217)
4(916 1228 1229 917)
4(906 918 1230 1218)
4(917 1229 1230 918)
4(907 919 1231 1219)
4(918 1230 1231 919)
4(908 920 1232 1220)
4(919 1231 1232 920)
4(909 921 1233 1221)
4(920 1232 1233 921)
4(910 922 1234 1222)
4(921 1233 1234 922)
4(911 923 1235 1223)
4(922 1234 1235 923)
4(912 924 1236 1224)
4(923 1235 1236 924)
4(913 925 1237 1225)
4(924 1236 1237 925)
4(914 926 1238 1226)
4(925 1237 1238 926)
4(926 1238 1239 927)
4(916 928 1240 1228)
4(285 623 1240 928)
4(917 929 1241 1229)
4(928 1240 1241 929)
4(918 930 1242 1230)
4(929 1241 1242 930)
4(919 931 1243 1231)
4(930 1242 1243 931)
4(920 932 1244 1232)
4(931 1243 1244 932)
4(921 933 1245 1233)
4(932 1244 1245 933)
4(922 934 1246 1234)
4(933 1245 1246 934)
4(923 935 1247 1235)
4(934 1246 1247 935)
4(924 936 1248 1236)
4(935 1247 1248 936)
4(925 937 1249 1237)
4(936 1248 1249 937)
4(926 938 1250 1238)
4(937 1249 1250 938)
4(938 1250 1251 939)
4(928 940 1252 1240)
4(298 636 1252 940)
4(929 941 1253 1241)
4(940 1252 1253 941)
4(930 942 1254 1242)
4(941 1253 1254 942)
4(931 943 1255 1243)
4(942 1254 1255 943)
4(932 944 1256 1244)
4(943 1255 1256 944)
4(933 945 1257 1245)
4(944 1256 1257 945)
4(934 946 1258 1246)
4(945 1257 1258 946)
4(935 947 1259 1247)
4(946 1258 1259 947)
4(936 948 1260 1248)
4(947 1259 1260 948)
4(937 949 1261 1249)
4(948 1260 1261 949)
4(938 950 1262 1250)
4(949 1261 1262 950)
4(950 1262 1263 951)
4(940 952 1264 1252)
4(311 649 1264 952)
4(941 953 1265 1253)
4(952 1264 1265 953)
4(942 954 1266 1254)
4(953 1265 1266 954)
4(943 955 1267 1255)
4(954 1266 1267 955)
4(944 956 1268 1256)
4(955 1267 1268 956)
4(945 957 1269 1257)
4(956 1268 1269 957)
4(946 958 1270 1258)
4(957 1269 1270 958)
4(947 959 1271 1259)
4(958 1270 1271 959)
4(948 960 1272 1260)
4(959 1271 1272 960)
4(949 961 1273 1261)
4(960 1272 1273 961)
4(950 962 1274 1262)
4(961 1273 1274 962)
4(962 1274 1275 963)
4(952 964 1276 1264)
4(324 662 1276 964)
4(953 965 1277 1265)
4(964 1276 1277 965)
4(954 966 1278 1266)
4(965 1277 1278 966)
4(955 967 1279 1267)
4(966 1278 1279 967)
4(956 968 1280 1268)
4(967 1279 1280 968)
4(957 969 1281 1269)
4(968 1280 1281 969)
4(958 970 1282 1270)
4(969 1281 1282 970)
4(959 971 1283 1271)
4(970 1282 1283 971)
4(960 972 1284 1272)
4(971 1283 1284 972)
4(961 973 1285 1273)
4(972 1284 1285 973)
4(962 974 1286 1274)
4(973 1285 1286 974)
4(974 1286 1287 975)
4(964 976 1288 1276)
4(965 977 1289 1277)
4(966 978 1290 1278)
4(967 979 1291 1279)
4(968 980 1292 1280)
4(969 981 1293 1281)
4(970 982 1294 1282)
4(971 983 1295 1283)
4(972 984 1296 1284)
4(973 985 1297 1285)
4(974 986 1298 1286)
4(0 338 351 13)
4(13 351 364 26)
4(26 364 377 39)
4(39 377 390 52)
4(52 390 403 65)
4(65 403 416 78)
4(78 416 429 91)
4(91 429 442 104)
4(104 442 455 117)
4(117 455 468 130)
4(130 468 481 143)
4(143 481 494 156)
4(156 494 507 169)
4(169 507 520 182)
4(182 520 533 195)
4(195 533 546 208)
4(208 546 559 221)
4(221 559 572 234)
4(234 572 585 247)
4(247 585 598 260)
4(260 598 611 273)
4(273 611 624 286)
4(286 624 637 299)
4(299 637 650 312)
4(312 650 663 325)
4(687 699 1011 999)
4(699 711 1023 1011)
4(711 723 1035 1023)
4(723 735 1047 1035)
4(735 747 1059 1047)
4(747 759 1071 1059)
4(759 771 1083 1071)
4(771 783 1095 1083)
4(783 795 1107 1095)
4(795 807 1119 1107)
4(807 819 1131 1119)
4(819 831 1143 1131)
4(831 843 1155 1143)
4(843 855 1167 1155)
4(855 867 1179 1167)
4(867 879 1191 1179)
4(879 891 1203 1191)
4(891 903 1215 1203)
4(903 915 1227 1215)
4(915 927 1239 1227)
4(927 939 1251 1239)
4(939 951 1263 1251)
4(951 963 1275 1263)
4(963 975 1287 1275)
4(975 987 1299 1287)
4(325 663 664 326)
4(326 664 665 327)
4(327 665 666 328)
4(328 666 667 329)
4(329 667 668 330)
4(330 668 669 331)
4(331 669 670 332)
4(332 670 671 333)
4(333 671 672 334)
4(334 672 673 335)
4(335 673 674 336)
4(336 674 675 337)
4(337 675 1288 976)
4(976 1288 1289 977)
4(977 1289 1290 978)
4(978 1290 1291 979)
4(979 1291 1292 980)
4(980 1292 1293 981)
4(981 1293 1294 982)
4(982 1294 1295 983)
4(983 1295 1296 984)
4(984 1296 1297 985)
4(985 1297 1298 986)
4(986 1298 1299 987)
4(0 1 339 338)
4(1 2 340 339)
4(2 3 341 340)
4(3 4 342 341)
4(4 5 343 342)
4(5 6 344 343)
4(6 7 345 344)
4(7 8 346 345)
4(8 9 347 346)
4(9 10 348 347)
4(10 11 349 348)
4(11 12 350 349)
4(12 676 988 350)
4(676 677 989 988)
4(677 678 990 989)
4(678 679 991 990)
4(679 680 992 991)
4(680 681 993 992)
4(681 682 994 993)
4(682 683 995 994)
4(683 684 996 995)
4(684 685 997 996)
4(685 686 998 997)
4(686 687 999 998)
4(338 339 352 351)
4(351 352 365 364)
4(364 365 378 377)
4(377 378 391 390)
4(390 391 404 403)
4(403 404 417 416)
4(416 417 430 429)
4(429 430 443 442)
4(442 443 456 455)
4(455 456 469 468)
4(468 469 482 481)
4(481 482 495 494)
4(494 495 508 507)
4(507 508 521 520)
4(520 521 534 533)
4(533 534 547 546)
4(546 547 560 559)
4(559 560 573 572)
4(572 573 586 585)
4(585 586 599 598)
4(598 599 612 611)
4(611 612 625 624)
4(624 625 638 637)
4(637 638 651 650)
4(650 651 664 663)
4(339 340 353 352)
4(352 353 366 365)
4(365 366 379 378)
4(378 379 392 391)
4(391 392 405 404)
4(404 405 418 417)
4(417 418 431 430)
4(430 431 444 443)
4(443 444 457 456)
4(456 457 470 469)
4(469 470 483 482)
4(482 483 496 495)
4(495 496 509 508)
4(508 509 522 521)
4(521 522 535 534)
4(534 535 548 547)
4(547 548 561 560)
4(560 561 574 573)
4(573 574 587 586)
4(586 587 600 599)
4(599 600 613 612)
4(612 613 626 625)
4(625 626 639 638)
4(638 639 652 651)
4(651 652 665 664)
4(340 341 354 353)
4(353 354 367 366)
4(366 367 380 379)
4(379 380 393 392)
4(392 393 406 405)
4(405 406 419 418)
4(418 419 432 431)
4(431 432 445 444)
4(444 445 458 457)
4(457 458 471 470)
4(470 471 484 483)
4(483 484 497 496)
4(496 497 510 509)
4(509 510 523 522)
4(522 523 536 535)
4(535 536 549 548)
4(548 549 562 561)
4(561 562 575 574)
4(574 575 588 587)
4(587 588 601 600)
4(600 601 614 613)
4(613 614 627 626)
4(626 627 640 639)
4(639 640 653 652)
4(652 653 666 665)
4(341 342 355 354)
4(354 355 368 367)
4(367 368 381 380)
4(380 381 394 393)
4(393 394 407 406)
4(406 407 420 419)
4(419 420 433 432)
4(432 433 446 445)
4(445 446 459 458)
4(458 459 472 471)
4(471 472 485 484)
4(484 485 498 497)
4(497 498 511 510)
4(510 511 524 523)
4(523 524 537 536)
4(536 537 550 549)
4(549 550 563 562)
4(562 563 576 575)
4(575 576 589 588)
4(588 589 602 601)
4(601 602 615 614)
4(614 615 628 627)
4(627 628 641 640)
4(640 641 654 653)
4(653 654 667 666)
4(342 343 356 355)
4(355 356 369 368)
4(368 369 382 381)
4(381 382 395 394)
4(394 395 408 407)
4(407 408 421 420)
4(420 421 434 433)
4(433 434 447 446)
4(446 447 460 459)
4(459 460 473 472)
4(472 473 486 485)
4(485 486 499 498)
4(498 499 512 511)
4(511 512 525 524)
4(524 525 538 537)
4(537 538 551 550)
4(550 551 564 563)
4(563 564 577 576)
4(576 577 590 589)
4(589 590 603 602)
4(602 603 616 615)
4(615 616 629 628)
4(628 629 642 641)
4(641 642 655 654)
4(654 655 668 667)
4(343 344 357 356)
4(356 357 370 369)
4(369 370 383 382)
4(382 383 396 395)
4(395 396 409 408)
4(408 409 422 421)
4(421 422 435 434)
4(434 435 448 447)
4(447 448 461 460)
4(460 461 474 473)
4(473 474 487 486)
4(486 487 500 499)
4(499 500 513 512)
4(512 513 526 525)
4(525 526 539 538)
4(538 539 552 551)
4(551 552 565 564)
4(564 565 578 577)
4(577 578 591 590)
4(590 591 604 603)
4(603 604 617 616)
4(616 617 630 629)
4(629 630 643 642)
4(642 643 656 655)
4(655 656 669 668)
4(344 345 358 357)
4(357 358 371 370)
4(370 371 384 383)
4(383 384 397 396)
4(396 397 410 409)
4(409 410 423 422)
4(422 423 436 435)
4(435 436 449 448)
4(448 449 462 461)
4(461 462 475 474)
4(474 475 488 487)
4(487 488 501 500)
4(500 501 514 513)
4(513 514 527 526)
4(526 527 540 539)
4(539 540 553 552)
4(552 553 566 565)
4(565 566 579 578)
4(578 579 592 591)
4(591 592 605 604)
4(604 605 618 617)
4(617 618 631 630)
4(630 631 644 643)
4(643 644 657 656)
4(656 657 670 669)
4(345 346 359 358)
4(358 359 372 371)
4(371 372 385 384)
4(384 385 398 397)
4(397 398 411 410)
4(410 411 424 423)
4(423 424 437 436)
4(436 437 450 449)
4(449 450 463 462)
4(462 463 476 475)
4(475 476 489 488)
4(488 489 502 501)
4(501 502 515 514)
4(514 515 528 527)
4(527 528 541 540)
4(540 541 554 553)
4(553 554 567 566)
4(566 567 580 579)
4(579 580 593 592)
4(592 593 606 605)
4(605 606 619 618)
4(618 619 632 631)
4(631 632 645 644)
4(644 645 658 657)
4(657 658 671 670)
4(346 347 360 359)
4(359 360 373 372)
4(372 373 386 385)
4(385 386 399 398)
4(398 399 412 411)
4(411 412 425 424)
4(424 425 438 437)
4(437 438 451 450)
4(450 451 464 463)
4(463 464 477 476)
4(476 477 490 489)
4(489 490 503 502)
4(502 503 516 515)
4(515 516 529 528)
4(528 529 542 541)
4(541 542 555 554)
4(554 555 568 567)
4(567 568 581 580)
4(580 581 594 593)
4(593 594 607 606)
4(606 607 620 619)
4(619 620 633 632)
4(632 633 646 645)
4(645 646 659 658)
4(658 659 672 671)
4(347 348 361 360)
4(360 361 374 373)
4(373 374 387 386)
4(386 387 400 399)
4(399 400 413 412)
4(412 413 426 425)
4(425 426 439 438)
4(438 439 452 451)
4(451 452 465 464)
4(464 465 478 477)
4(477 478 491 490)
4(490 491 504 503)
4(503 504 517 516)
4(516 517 530 529)
4(529 530 543 542)
4(542 543 556 555)
4(555 556 569 568)
4(568 569 582 581)
4(581 582 595 594)
4(594 595 608 607)
4(607 608 621 620)
4(620 621 634 633)
4(633 634 647 646)
4(646 647 660 659)
4(659 660 673 672)
4(348 349 362 361)
4(361 362 375 374)
4(374 375 388 387)
4(387 388 401 400)
4(400 401 414 413)
4(413 414 427 426)
4(426 427 440 439)
4(439 440 453 452)
4(452 453 466 465)
4(465 466 479 478)
4(478 479 492 491)
4(491 492 505 504)
4(504 505 518 517)
4(517 518 531 530)
4(530 531 544 543)
4(543 544 557 556)
4(556 557 570 569)
4(569 570 583 582)
4(582 583 596 595)
4(595 596 609 608)
4(608 609 622 621)
4(621 622 635 634)
4(634 635 648 647)
4(647 648 661 660)
4(660 661 674 673)
4(349 350 363 362)
4(362 363 376 375)
4(375 376 389 388)
4(388 389 402 401)
4(401 402 415 414)
4(414 415 428 427)
4(427 428 441 440)
4(440 441 454 453)
4(453 454 467 466)
4(466 467 480 479)
4(479 480 493 492)
4(492 493 506 505)
4(505 506 519 518)
4(518 519 532 531)
4(531 532 545 544)
4(544 545 558 557)
4(557 558 571 570)
4(570 571 584 583)
4(583 584 597 596)
4(596 597 610 609)
4(609 610 623 622)
4(622 623 636 635)
4(635 636 649 648)
4(648 649 662 661)
4(661 662 675 674)
4(0 13 14 1)
4(13 26 27 14)
4(26 39 40 27)
4(39 52 53 40)
4(52 65 66 53)
4(65 78 79 66)
4(78 91 92 79)
4(91 104 105 92)
4(104 117 118 105)
4(117 130 131 118)
4(130 143 144 131)
4(143 156 157 144)
4(156 169 170 157)
4(169 182 183 170)
4(182 195 196 183)
4(195 208 209 196)
4(208 221 222 209)
4(221 234 235 222)
4(234 247 248 235)
4(247 260 261 248)
4(260 273 274 261)
4(273 286 287 274)
4(286 299 300 287)
4(299 312 313 300)
4(312 325 326 313)
4(1 14 15 2)
4(14 27 28 15)
4(27 40 41 28)
4(40 53 54 41)
4(53 66 67 54)
4(66 79 80 67)
4(79 92 93 80)
4(92 105 106 93)
4(105 118 119 106)
4(118 131 132 119)
4(131 144 145 132)
4(144 157 158 145)
4(157 170 171 158)
4(170 183 184 171)
4(183 196 197 184)
4(196 209 210 197)
4(209 222 223 210)
4(222 235 236 223)
4(235 248 249 236)
4(248 261 262 249)
4(261 274 275 262)
4(274 287 288 275)
4(287 300 301 288)
4(300 313 314 301)
4(313 326 327 314)
4(2 15 16 3)
4(15 28 29 16)
4(28 41 42 29)
4(41 54 55 42)
4(54 67 68 55)
4(67 80 81 68)
4(80 93 94 81)
4(93 106 107 94)
4(106 119 120 107)
4(119 132 133 120)
4(132 145 146 133)
4(145 158 159 146)
4(158 171 172 159)
4(171 184 185 172)
4(184 197 198 185)
4(197 210 211 198)
4(210 223 224 211)
4(223 236 237 224)
4(236 249 250 237)
4(249 262 263 250)
4(262 275 276 263)
4(275 288 289 276)
4(288 301 302 289)
4(301 314 315 302)
4(314 327 328 315)
4(3 16 17 4)
4(16 29 30 17)
4(29 42 43 30)
4(42 55 56 43)
4(55 68 69 56)
4(68 81 82 69)
4(81 94 95 82)
4(94 107 108 95)
4(107 120 121 108)
4(120 133 134 121)
4(133 146 147 134)
4(146 159 160 147)
4(159 172 173 160)
4(172 185 186 173)
4(185 198 199 186)
4(198 211 212 199)
4(211 224 225 212)
4(224 237 238 225)
4(237 250 251 238)
4(250 263 264 251)
4(263 276 277 264)
4(276 289 290 277)
4(289 302 303 290)
4(302 315 316 303)
4(315 328 329 316)
4(4 17 18 5)
4(17 30 31 18)
4(30 43 44 31)
4(43 56 57 44)
4(56 69 70 57)
4(69 82 83 70)
4(82 95 96 83)
4(95 108 109 96)
4(108 121 122 109)
4(121 134 135 122)
4(134 147 148 135)
4(147 160 161 148)
4(160 173 174 161)
4(173 186 187 174)
4(186 199 200 187)
4(199 212 213 200)
4(212 225 226 213)
4(225 238 239 226)
4(238 251 252 239)
4(251 264 265 252)
4(264 277 278 265)
4(277 290 291 278)
4(290 303 304 291)
4(303 316 317 304)
4(316 329 330 317)
4(5 18 19 6)
4(18 31 32 19)
4(31 44 45 32)
4(44 57 58 45)
4(57 70 71 58)
4(70 83 84 71)
4(83 96 97 84)
4(96 109 110 97)
4(109 122 123 110)
4(122 135 136 123)
4(135 148 149 136)
4(148 161 162 149)
4(161 174 175 162)
4(174 187 188 175)
4(187 200 201 188)
4(200 213 214 201)
4(213 226 227 214)
4(226 239 240 227)
4(239 252 253 240)
4(252 265 266 253)
4(265 278 279 266)
4(278 291 292 279)
4(291 304 305 292)
4(304 317 318 305)
4(317 330 331 318)
4(6 19 20 7)
4(19 32 33 20)
4(32 45 46 33)
4(45 58 59 46)
4(58 71 72 59)
4(71 84 85 72)
4(84 97 98 85)
4(97 110 111 98)
4(110 123 124 111)
4(123 136 137 124)
4(136 149 150 137)
4(149 162 163 150)
4(162 175 176 163)
4(175 188 189 176)
4(188 201 202 189)
4(201 214 215 202)
4(214 227 228 215)
4(227 240 241 228)
4(240 253 254 241)
4(253 266 267 254)
4(266 279 280 267)
4(279 292 293 280)
4(292 305 306 293)
4(305 318 319 306)
4(318 331 332 319)
4(7 20 21 8)
4(20 33 34 21)
4(33 46 47 34)
4(46 59 60 47)
4(59 72 73 60)
4(72 85 86 73)
4(85 98 99 86)
4(98 111 112 99)
4(111 124 125 112)
4(124 137 138 125)
4(137 150 151 138)
4(150 163 164 151)
4(163 176 177 164)
4(176 189 190 177)
4(189 202 203 190)
4(202 215 216 203)
4(215 228 229 216)
4(228 241 242 229)
4(241 254 255 242)
4(254 267 268 255)
4(267 280 281 268)
4(280 293 294 281)
4(293 306 307 294)
4(306 319 320 307)
4(319 332 333 320)
4(8 21 22 9)
4(21 34 35 22)
4(34 47 48 35)
4(47 60 61 48)
4(60 73 74 61)
4(73 86 87 74)
4(86 99 100 87)
4(99 112 113 100)
4(112 125 126 113)
4(125 138 139 126)
4(138 151 152 139)
4(151 164 165 152)
4(164 177 178 165)
4(177 190 191 178)
4(190 203 204 191)
4(203 216 217 204)
4(216 229 230 217)
4(229 242 243 230)
4(242 255 256 243)
4(255 268 269 256)
4(268 281 282 269)
4(281 294 295 282)
4(294 307 308 295)
4(307 320 321 308)
4(320 333 334 321)
4(9 22 23 10)
4(22 35 36 23)
4(35 48 49 36)
4(48 61 62 49)
4(61 74 75 62)
4(74 87 88 75)
4(87 100 101 88)
4(100 113 114 101)
4(113 126 127 114)
4(126 139 140 127)
4(139 152 153 140)
4(152 165 166 153)
4(165 178 179 166)
4(178 191 192 179)
4(191 204 205 192)
4(204 217 218 205)
4(217 230 231 218)
4(230 243 244 231)
4(243 256 257 244)
4(256 269 270 257)
4(269 282 283 270)
4(282 295 296 283)
4(295 308 309 296)
4(308 321 322 309)
4(321 334 335 322)
4(10 23 24 11)
4(23 36 37 24)
4(36 49 50 37)
4(49 62 63 50)
4(62 75 76 63)
4(75 88 89 76)
4(88 101 102 89)
4(101 114 115 102)
4(114 127 128 115)
4(127 140 141 128)
4(140 153 154 141)
4(153 166 167 154)
4(166 179 180 167)
4(179 192 193 180)
4(192 205 206 193)
4(205 218 219 206)
4(218 231 232 219)
4(231 244 245 232)
4(244 257 258 245)
4(257 270 271 258)
4(270 283 284 271)
4(283 296 297 284)
4(296 309 310 297)
4(309 322 323 310)
4(322 335 336 323)
4(11 24 25 12)
4(24 37 38 25)
4(37 50 51 38)
4(50 63 64 51)
4(63 76 77 64)
4(76 89 90 77)
4(89 102 103 90)
4(102 115 116 103)
4(115 128 129 116)
4(128 141 142 129)
4(141 154 155 142)
4(154 167 168 155)
4(167 180 181 168)
4(180 193 194 181)
4(193 206 207 194)
4(206 219 220 207)
4(219 232 233 220)
4(232 245 246 233)
4(245 258 259 246)
4(258 271 272 259)
4(271 284 285 272)
4(284 297 298 285)
4(297 310 311 298)
4(310 323 324 311)
4(323 336 337 324)
4(350 988 1000 363)
4(363 1000 1012 376)
4(376 1012 1024 389)
4(389 1024 1036 402)
4(402 1036 1048 415)
4(415 1048 1060 428)
4(428 1060 1072 441)
4(441 1072 1084 454)
4(454 1084 1096 467)
4(467 1096 1108 480)
4(480 1108 1120 493)
4(493 1120 1132 506)
4(506 1132 1144 519)
4(519 1144 1156 532)
4(532 1156 1168 545)
4(545 1168 1180 558)
4(558 1180 1192 571)
4(571 1192 1204 584)
4(584 1204 1216 597)
4(597 1216 1228 610)
4(610 1228 1240 623)
4(623 1240 1252 636)
4(636 1252 1264 649)
4(649 1264 1276 662)
4(662 1276 1288 675)
4(988 989 1001 1000)
4(1000 1001 1013 1012)
4(1012 1013 1025 1024)
4(1024 1025 1037 1036)
4(1036 1037 1049 1048)
4(1048 1049 1061 1060)
4(1060 1061 1073 1072)
4(1072 1073 1085 1084)
4(1084 1085 1097 1096)
4(1096 1097 1109 1108)
4(1108 1109 1121 1120)
4(1120 1121 1133 1132)
4(1132 1133 1145 1144)
4(1144 1145 1157 1156)
4(1156 1157 1169 1168)
4(1168 1169 1181 1180)
4(1180 1181 1193 1192)
4(1192 1193 1205 1204)
4(1204 1205 1217 1216)
4(1216 1217 1229 1228)
4(1228 1229 1241 1240)
4(1240 1241 1253 1252)
4(1252 1253 1265 1264)
4(1264 1265 1277 1276)
4(1276 1277 1289 1288)
4(989 990 1002 1001)
4(1001 1002 1014 1013)
4(1013 1014 1026 1025)
4(1025 1026 1038 1037)
4(1037 1038 1050 1049)
4(1049 1050 1062 1061)
4(1061 1062 1074 1073)
4(1073 1074 1086 1085)
4(1085 1086 1098 1097)
4(1097 1098 1110 1109)
4(1109 1110 1122 1121)
4(1121 1122 1134 1133)
4(1133 1134 1146 1145)
4(1145 1146 1158 1157)
4(1157 1158 1170 1169)
4(1169 1170 1182 1181)
4(1181 1182 1194 1193)
4(1193 1194 1206 1205)
4(1205 1206 1218 1217)
4(1217 1218 1230 1229)
4(1229 1230 1242 1241)
4(1241 1242 1254 1253)
4(1253 1254 1266 1265)
4(1265 1266 1278 1277)
4(1277 1278 1290 1289)
4(990 991 1003 1002)
4(1002 1003 1015 1014)
4(1014 1015 1027 1026)
4(1026 1027 1039 1038)
4(1038 1039 1051 1050)
4(1050 1051 1063 1062)
4(1062 1063 1075 1074)
4(1074 1075 1087 1086)
4(1086 1087 1099 1098)
4(1098 1099 1111 1110)
4(1110 1111 1123 1122)
4(1122 1123 1135 1134)
4(1134 1135 1147 1146)
4(1146 1147 1159 1158)
4(1158 1159 1171 1170)
4(1170 1171 1183 1182)
4(1182 1183 1195 1194)
4(1194 1195 1207 1206)
4(1206 1207 1219 1218)
4(1218 1219 1231 1230)
4(1230 1231 1243 1242)
4(1242 1243 1255 1254)
4(1254 1255 1267 1266)
4(1266 1267 1279 1278)
4(1278 1279 1291 1290)
4(991 992 1004 1003)
4(1003 1004 1016 1015)
4(1015 1016 1028 1027)
4(1027 1028 1040 1039)
4(1039 1040 1052 1051)
4(1051 1052 1064 1063)
4(1063 1064 1076 1075)
4(1075 1076 1088 1087)
4(1087 1088 1100 1099)
4(1099 1100 1112 1111)
4(1111 1112 1124 1123)
4(1123 1124 1136 1135)
4(1135 1136 1148 1147)
4(1147 1148 1160 1159)
4(1159 1160 1172 1171)
4(1171 1172 1184 1183)
4(1183 1184 1196 1195)
4(1195 1196 1208 1207)
4(1207 1208 1220 1219)
4(1219 1220 1232 1231)
4(1231 1232 1244 1243)
4(1243 1244 1256 1255)
4(1255 1256 1268 1267)
4(1267 1268 1280 1279)
4(1279 1280 1292 1291)
4(992 993 1005 1004)
4(1004 1005 1017 1016)
4(1016 1017 1029 1028)
4(1028 1029 1041 1040)
4(1040 1041 1053 1052)
4(1052 1053 1065 1064)
4(1064 1065 1077 1076)
4(1076 1077 1089 1088)
4(1088 1089 1101 1100)
4(1100 1101 1113 1112)
4(1112 1113 1125 1124)
4(1124 1125 1137 1136)
4(1136 1137 1149 1148)
4(1148 1149 1161 1160)
4(1160 1161 1173 1172)
4(1172 1173 1185 1184)
4(1184 1185 1197 1196)
4(1196 1197 1209 1208)
4(1208 1209 1221 1220)
4(1220 1221 1233 1232)
4(1232 1233 1245 1244)
4(1244 1245 1257 1256)
4(1256 1257 1269 1268)
4(1268 1269 1281 1280)
4(1280 1281 1293 1292)
4(993 994 1006 1005)
4(1005 1006 1018 1017)
4(1017 1018 1030 1029)
4(1029 1030 1042 1041)
4(1041 1042 1054 1053)
4(1053 1054 1066 1065)
4(1065 1066 1078 1077)
4(1077 1078 1090 1089)
4(1089 1090 1102 1101)
4(1101 1102 1114 1113)
4(1113 1114 1126 1125)
4(1125 1126 1138 1137)
4(1137 1138 1150 1149)
4(1149 1150 1162 1161)
4(1161 1162 1174 1173)
4(1173 1174 1186 1185)
4(1185 1186 1198 1197)
4(1197 1198 1210 1209)
4(1209 1210 1222 1221)
4(1221 1222 1234 1233)
4(1233 1234 1246 1245)
4(1245 1246 1258 1257)
4(1257 1258 1270 1269)
4(1269 1270 1282 1281)
4(1281 1282 1294 1293)
4(994 995 1007 1006)
4(1006 1007 1019 1018)
4(1018 1019 1031 1030)
4(1030 1031 1043 1042)
4(1042 1043 1055 1054)
4(1054 1055 1067 1066)
4(1066 1067 1079 1078)
4(1078 1079 1091 1090)
4(1090 1091 1103 1102)
4(1102 1103 1115 1114)
4(1114 1115 1127 1126)
4(1126 1127 1139 1138)
4(1138 1139 1151 1150)
4(1150 1151 1163 1162)
4(1162 1163 1175 1174)
4(1174 1175 1187 1186)
4(1186 1187 1199 1198)
4(1198 1199 1211 1210)
4(1210 1211 1223 1222)
4(1222 1223 1235 1234)
4(1234 1235 1247 1246)
4(1246 1247 1259 1258)
4(1258 1259 1271 1270)
4(1270 1271 1283 1282)
4(1282 1283 1295 1294)
4(995 996 1008 1007)
4(1007 1008 1020 1019)
4(1019 1020 1032 1031)
4(1031 1032 1044 1043)
4(1043 1044 1056 1055)
4(1055 1056 1068 1067)
4(1067 1068 1080 1079)
4(1079 1080 1092 1091)
4(1091 1092 1104 1103)
4(1103 1104 1116 1115)
4(1115 1116 1128 1127)
4(1127 1128 1140 1139)
4(1139 1140 1152 1151)
4(1151 1152 1164 1163)
4(1163 1164 1176 1175)
4(1175 1176 1188 1187)
4(1187 1188 1200 1199)
4(1199 1200 1212 1211)
4(1211 1212 1224 1223)
4(1223 1224 1236 1235)
4(1235 1236 1248 1247)
4(1247 1248 1260 1259)
4(1259 1260 1272 1271)
4(1271 1272 1284 1283)
4(1283 1284 1296 1295)
4(996 997 1009 1008)
4(1008 1009 1021 1020)
4(1020 1021 1033 1032)
4(1032 1033 1045 1044)
4(1044 1045 1057 1056)
4(1056 1057 1069 1068)
4(1068 1069 1081 1080)
4(1080 1081 1093 1092)
4(1092 1093 1105 1104)
4(1104 1105 1117 1116)
4(1116 1117 1129 1128)
4(1128 1129 1141 1140)
4(1140 1141 1153 1152)
4(1152 1153 1165 1164)
4(1164 1165 1177 1176)
4(1176 1177 1189 1188)
4(1188 1189 1201 1200)
4(1200 1201 1213 1212)
4(1212 1213 1225 1224)
4(1224 1225 1237 1236)
4(1236 1237 1249 1248)
4(1248 1249 1261 1260)
4(1260 1261 1273 1272)
4(1272 1273 1285 1284)
4(1284 1285 1297 1296)
4(997 998 1010 1009)
4(1009 1010 1022 1021)
4(1021 1022 1034 1033)
4(1033 1034 1046 1045)
4(1045 1046 1058 1057)
4(1057 1058 1070 1069)
4(1069 1070 1082 1081)
4(1081 1082 1094 1093)
4(1093 1094 1106 1105)
4(1105 1106 1118 1117)
4(1117 1118 1130 1129)
4(1129 1130 1142 1141)
4(1141 1142 1154 1153)
4(1153 1154 1166 1165)
4(1165 1166 1178 1177)
4(1177 1178 1190 1189)
4(1189 1190 1202 1201)
4(1201 1202 1214 1213)
4(1213 1214 1226 1225)
4(1225 1226 1238 1237)
4(1237 1238 1250 1249)
4(1249 1250 1262 1261)
4(1261 1262 1274 1273)
4(1273 1274 1286 1285)
4(1285 1286 1298 1297)
4(998 999 1011 1010)
4(1010 1011 1023 1022)
4(1022 1023 1035 1034)
4(1034 1035 1047 1046)
4(1046 1047 1059 1058)
4(1058 1059 1071 1070)
4(1070 1071 1083 1082)
4(1082 1083 1095 1094)
4(1094 1095 1107 1106)
4(1106 1107 1119 1118)
4(1118 1119 1131 1130)
4(1130 1131 1143 1142)
4(1142 1143 1155 1154)
4(1154 1155 1167 1166)
4(1166 1167 1179 1178)
4(1178 1179 1191 1190)
4(1190 1191 1203 1202)
4(1202 1203 1215 1214)
4(1214 1215 1227 1226)
4(1226 1227 1239 1238)
4(1238 1239 1251 1250)
4(1250 1251 1263 1262)
4(1262 1263 1275 1274)
4(1274 1275 1287 1286)
4(1286 1287 1299 1298)
4(12 25 688 676)
4(25 38 700 688)
4(38 51 712 700)
4(51 64 724 712)
4(64 77 736 724)
4(77 90 748 736)
4(90 103 760 748)
4(103 116 772 760)
4(116 129 784 772)
4(129 142 796 784)
4(142 155 808 796)
4(155 168 820 808)
4(168 181 832 820)
4(181 194 844 832)
4(194 207 856 844)
4(207 220 868 856)
4(220 233 880 868)
4(233 246 892 880)
4(246 259 904 892)
4(259 272 916 904)
4(272 285 928 916)
4(285 298 940 928)
4(298 311 952 940)
4(311 324 964 952)
4(324 337 976 964)
4(676 688 689 677)
4(688 700 701 689)
4(700 712 713 701)
4(712 724 725 713)
4(724 736 737 725)
4(736 748 749 737)
4(748 760 761 749)
4(760 772 773 761)
4(772 784 785 773)
4(784 796 797 785)
4(796 808 809 797)
4(808 820 821 809)
4(820 832 833 821)
4(832 844 845 833)
4(844 856 857 845)
4(856 868 869 857)
4(868 880 881 869)
4(880 892 893 881)
4(892 904 905 893)
4(904 916 917 905)
4(916 928 929 917)
4(928 940 941 929)
4(940 952 953 941)
4(952 964 965 953)
4(964 976 977 965)
4(677 689 690 678)
4(689 701 702 690)
4(701 713 714 702)
4(713 725 726 714)
4(725 737 738 726)
4(737 749 750 738)
4(749 761 762 750)
4(761 773 774 762)
4(773 785 786 774)
4(785 797 798 786)
4(797 809 810 798)
4(809 821 822 810)
4(821 833 834 822)
4(833 845 846 834)
4(845 857 858 846)
4(857 869 870 858)
4(869 881 882 870)
4(881 893 894 882)
4(893 905 906 894)
4(905 917 918 906)
4(917 929 930 918)
4(929 941 942 930)
4(941 953 954 942)
4(953 965 966 954)
4(965 977 978 966)
4(678 690 691 679)
4(690 702 703 691)
4(702 714 715 703)
4(714 726 727 715)
4(726 738 739 727)
4(738 750 751 739)
4(750 762 763 751)
4(762 774 775 763)
4(774 786 787 775)
4(786 798 799 787)
4(798 810 811 799)
4(810 822 823 811)
4(822 834 835 823)
4(834 846 847 835)
4(846 858 859 847)
4(858 870 871 859)
4(870 882 883 871)
4(882 894 895 883)
4(894 906 907 895)
4(906 918 919 907)
4(918 930 931 919)
4(930 942 943 931)
4(942 954 955 943)
4(954 966 967 955)
4(966 978 979 967)
4(679 691 692 680)
4(691 703 704 692)
4(703 715 716 704)
4(715 727 728 716)
4(727 739 740 728)
4(739 751 752 740)
4(751 763 764 752)
4(763 775 776 764)
4(775 787 788 776)
4(787 799 800 788)
4(799 811 812 800)
4(811 823 824 812)
4(823 835 836 824)
4(835 847 848 836)
4(847 859 860 848)
4(859 871 872 860)
4(871 883 884 872)
4(883 895 896 884)
4(895 907 908 896)
4(907 919 920 908)
4(919 931 932 920)
4(931 943 944 932)
4(943 955 956 944)
4(955 967 968 956)
4(967 979 980 968)
4(680 692 693 681)
4(692 704 705 693)
4(704 716 717 705)
4(716 728 729 717)
4(728 740 741 729)
4(740 752 753 741)
4(752 764 765 753)
4(764 776 777 765)
4(776 788 789 777)
4(788 800 801 789)
4(800 812 813 801)
4(812 824 825 813)
4(824 836 837 825)
4(836 848 849 837)
4(848 860 861 849)
4(860 872 873 861)
4(872 884 885 873)
4(884 896 897 885)
4(896 908 909 897)
4(908 920 921 909)
4(920 932 933 921)
4(932 944 945 933)
4(944 956 957 945)
4(956 968 969 957)
4(968 980 981 969)
4(681 693 694 682)
4(693 705 706 694)
4(705 717 718 706)
4(717 729 730 718)
4(729 741 742 730)
4(741 753 754 742)
4(753 765 766 754)
4(765 777 778 766)
4(777 789 790 778)
4(789 801 802 790)
4(801 813 814 802)
4(813 825 826 814)
4(825 837 838 826)
4(837 849 850 838)
4(849 861 862 850)
4(861 873 874 862)
4(873 885 886 874)
4(885 897 898 886)
4(897 909 910 898)
4(909 921 922 910)
4(921 933 934 922)
4(933 945 946 934)
4(945 957 958 946)
4(957 969 970 958)
4(969 981 982 970)
4(682 694 695 683)
4(694 706 707 695)
4(706 718 719 707)
4(718 730 731 719)
4(730 742 743 731)
4(742 754 755 743)
4(754 766 767 755)
4(766 778 779 767)
4(778 790 791 779)
4(790 802 803 791)
4(802 814 815 803)
4(814 826 827 815)
4(826 838 839 827)
4(838 850 851 839)
4(850 862 863 851)
4(862 874 875 863)
4(874 886 887 875)
4(886 898 899 887)
4(898 910 911 899)
4(910 922 923 911)
4(922 934 935 923)
4(934 946 947 935)
4(946 958 959 947)
4(958 970 971 959)
4(970 982 983 971)
4(683 695 696 684)
4(695 707 708 696)
4(707 719 720 708)
4(719 731 732 720)
4(731 743 744 732)
4(743 755 756 744)
4(755 767 768 756)
4(767 779 780 768)
4(779 791 792 780)
4(791 803 804 792)
4(803 815 816 804)
4(815 827 828 816)
4(827 839 840 828)
4(839 851 852 840)
4(851 863 864 852)
4(863 875 876 864)
4(875 887 888 876)
4(887 899 900 888)
4(899 911 912 900)
4(911 923 924 912)
4(923 935 936 924)
4(935 947 948 936)
4(947 959 960 948)
4(959 971 972 960)
4(971 983 984 972)
4(684 696 697 685)
4(696 708 709 697)
4(708 720 721 709)
4(720 732 733 721)
4(732 744 745 733)
4(744 756 757 745)
4(756 768 769 757)
4(768 780 781 769)
4(780 792 793 781)
4(792 804 805 793)
4(804 816 817 805)
4(816 828 829 817)
4(828 840 841 829)
4(840 852 853 841)
4(852 864 865 853)
4(864 876 877 865)
4(876 888 889 877)
4(888 900 901 889)
4(900 912 913 901)
4(912 924 925 913)
4(924 936 937 925)
4(936 948 949 937)
4(948 960 961 949)
4(960 972 973 961)
4(972 984 985 973)
4(685 697 698 686)
4(697 709 710 698)
4(709 721 722 710)
4(721 733 734 722)
4(733 745 746 734)
4(745 757 758 746)
4(757 769 770 758)
4(769 781 782 770)
4(781 793 794 782)
4(793 805 806 794)
4(805 817 818 806)
4(817 829 830 818)
4(829 841 842 830)
4(841 853 854 842)
4(853 865 866 854)
4(865 877 878 866)
4(877 889 890 878)
4(889 901 902 890)
4(901 913 914 902)
4(913 925 926 914)
4(925 937 938 926)
4(937 949 950 938)
4(949 961 962 950)
4(961 973 974 962)
4(973 985 986 974)
4(686 698 699 687)
4(698 710 711 699)
4(710 722 723 711)
4(722 734 735 723)
4(734 746 747 735)
4(746 758 759 747)
4(758 770 771 759)
4(770 782 783 771)
4(782 794 795 783)
4(794 806 807 795)
4(806 818 819 807)
4(818 830 831 819)
4(830 842 843 831)
4(842 854 855 843)
4(854 866 867 855)
4(866 878 879 867)
4(878 890 891 879)
4(890 902 903 891)
4(902 914 915 903)
4(914 926 927 915)
4(926 938 939 927)
4(938 950 951 939)
4(950 962 963 951)
4(962 974 975 963)
4(974 986 987 975)
)


// ************************************************************************* //
