/*--------------------------------*- C++ -*----------------------------------*\
| =========                 |                                                 |
| \\      /  F ield         | OpenFOAM: The Open Source CFD Toolbox           |
|  \\    /   O peration     | Version:  2.3.x                                 |
|   \\  /    A nd           | Web:      www.OpenFOAM.org                      |
|    \\/     M anipulation  |                                                 |
\*---------------------------------------------------------------------------*/
FoamFile
{
    version     2.0;
    format      ascii;
    class       vectorField;
    location    "constant/polyMesh";
    object      points;
}
// * * * * * * * * * * * * * * * * * * * * * * * * * * * * * * * * * * * * * //


1300
(
(0 0 0)
(0.004166666667 0 0)
(0.008333333333 0 0)
(0.0125 0 0)
(0.01666666667 0 0)
(0.02083333333 0 0)
(0.025 0 0)
(0.02916666667 0 0)
(0.03333333333 0 0)
(0.0375 0 0)
(0.04166666667 0 0)
(0.04583333333 0 0)
(0.05 0 0)
(0 0.004 0)
(0.004166666667 0.004 0)
(0.008333333333 0.004 0)
(0.0125 0.004 0)
(0.01666666667 0.004 0)
(0.02083333333 0.004 0)
(0.025 0.004 0)
(0.02916666667 0.004 0)
(0.03333333333 0.004 0)
(0.0375 0.004 0)
(0.04166666667 0.004 0)
(0.04583333333 0.004 0)
(0.05 0.004 0)
(0 0.008 0)
(0.004166666667 0.008 0)
(0.008333333333 0.008 0)
(0.0125 0.008 0)
(0.01666666667 0.008 0)
(0.02083333333 0.008 0)
(0.025 0.008 0)
(0.02916666667 0.008 0)
(0.03333333333 0.008 0)
(0.0375 0.008 0)
(0.04166666667 0.008 0)
(0.04583333333 0.008 0)
(0.05 0.008 0)
(0 0.012 0)
(0.004166666667 0.012 0)
(0.008333333333 0.012 0)
(0.0125 0.012 0)
(0.01666666667 0.012 0)
(0.02083333333 0.012 0)
(0.025 0.012 0)
(0.02916666667 0.012 0)
(0.03333333333 0.012 0)
(0.0375 0.012 0)
(0.04166666667 0.012 0)
(0.04583333333 0.012 0)
(0.05 0.012 0)
(0 0.016 0)
(0.004166666667 0.016 0)
(0.008333333333 0.016 0)
(0.0125 0.016 0)
(0.01666666667 0.016 0)
(0.02083333333 0.016 0)
(0.025 0.016 0)
(0.02916666667 0.016 0)
(0.03333333333 0.016 0)
(0.0375 0.016 0)
(0.04166666667 0.016 0)
(0.04583333333 0.016 0)
(0.05 0.016 0)
(0 0.02 0)
(0.004166666667 0.02 0)
(0.008333333333 0.02 0)
(0.0125 0.02 0)
(0.01666666667 0.02 0)
(0.02083333333 0.02 0)
(0.025 0.02 0)
(0.02916666667 0.02 0)
(0.03333333333 0.02 0)
(0.0375 0.02 0)
(0.04166666667 0.02 0)
(0.04583333333 0.02 0)
(0.05 0.02 0)
(0 0.024 0)
(0.004166666667 0.024 0)
(0.008333333333 0.024 0)
(0.0125 0.024 0)
(0.01666666667 0.024 0)
(0.02083333333 0.024 0)
(0.025 0.024 0)
(0.02916666667 0.024 0)
(0.03333333333 0.024 0)
(0.0375 0.024 0)
(0.04166666667 0.024 0)
(0.04583333333 0.024 0)
(0.05 0.024 0)
(0 0.028 0)
(0.004166666667 0.028 0)
(0.008333333333 0.028 0)
(0.0125 0.028 0)
(0.01666666667 0.028 0)
(0.02083333333 0.028 0)
(0.025 0.028 0)
(0.02916666667 0.028 0)
(0.03333333333 0.028 0)
(0.0375 0.028 0)
(0.04166666667 0.028 0)
(0.04583333333 0.028 0)
(0.05 0.028 0)
(0 0.032 0)
(0.004166666667 0.032 0)
(0.008333333333 0.032 0)
(0.0125 0.032 0)
(0.01666666667 0.032 0)
(0.02083333333 0.032 0)
(0.025 0.032 0)
(0.02916666667 0.032 0)
(0.03333333333 0.032 0)
(0.0375 0.032 0)
(0.04166666667 0.032 0)
(0.04583333333 0.032 0)
(0.05 0.032 0)
(0 0.036 0)
(0.004166666667 0.036 0)
(0.008333333333 0.036 0)
(0.0125 0.036 0)
(0.01666666667 0.036 0)
(0.02083333333 0.036 0)
(0.025 0.036 0)
(0.02916666667 0.036 0)
(0.03333333333 0.036 0)
(0.0375 0.036 0)
(0.04166666667 0.036 0)
(0.04583333333 0.036 0)
(0.05 0.036 0)
(0 0.04 0)
(0.004166666667 0.04 0)
(0.008333333333 0.04 0)
(0.0125 0.04 0)
(0.01666666667 0.04 0)
(0.02083333333 0.04 0)
(0.025 0.04 0)
(0.02916666667 0.04 0)
(0.03333333333 0.04 0)
(0.0375 0.04 0)
(0.04166666667 0.04 0)
(0.04583333333 0.04 0)
(0.05 0.04 0)
(0 0.044 0)
(0.004166666667 0.044 0)
(0.008333333333 0.044 0)
(0.0125 0.044 0)
(0.01666666667 0.044 0)
(0.02083333333 0.044 0)
(0.025 0.044 0)
(0.02916666667 0.044 0)
(0.03333333333 0.044 0)
(0.0375 0.044 0)
(0.04166666667 0.044 0)
(0.04583333333 0.044 0)
(0.05 0.044 0)
(0 0.048 0)
(0.004166666667 0.048 0)
(0.008333333333 0.048 0)
(0.0125 0.048 0)
(0.01666666667 0.048 0)
(0.02083333333 0.048 0)
(0.025 0.048 0)
(0.02916666667 0.048 0)
(0.03333333333 0.048 0)
(0.0375 0.048 0)
(0.04166666667 0.048 0)
(0.04583333333 0.048 0)
(0.05 0.048 0)
(0 0.052 0)
(0.004166666667 0.052 0)
(0.008333333333 0.052 0)
(0.0125 0.052 0)
(0.01666666667 0.052 0)
(0.02083333333 0.052 0)
(0.025 0.052 0)
(0.02916666667 0.052 0)
(0.03333333333 0.052 0)
(0.0375 0.052 0)
(0.04166666667 0.052 0)
(0.04583333333 0.052 0)
(0.05 0.052 0)
(0 0.056 0)
(0.004166666667 0.056 0)
(0.008333333333 0.056 0)
(0.0125 0.056 0)
(0.01666666667 0.056 0)
(0.02083333333 0.056 0)
(0.025 0.056 0)
(0.02916666667 0.056 0)
(0.03333333333 0.056 0)
(0.0375 0.056 0)
(0.04166666667 0.056 0)
(0.04583333333 0.056 0)
(0.05 0.056 0)
(0 0.06 0)
(0.004166666667 0.06 0)
(0.008333333333 0.06 0)
(0.0125 0.06 0)
(0.01666666667 0.06 0)
(0.02083333333 0.06 0)
(0.025 0.06 0)
(0.02916666667 0.06 0)
(0.03333333333 0.06 0)
(0.0375 0.06 0)
(0.04166666667 0.06 0)
(0.04583333333 0.06 0)
(0.05 0.06 0)
(0 0.064 0)
(0.004166666667 0.064 0)
(0.008333333333 0.064 0)
(0.0125 0.064 0)
(0.01666666667 0.064 0)
(0.02083333333 0.064 0)
(0.025 0.064 0)
(0.02916666667 0.064 0)
(0.03333333333 0.064 0)
(0.0375 0.064 0)
(0.04166666667 0.064 0)
(0.04583333333 0.064 0)
(0.05 0.064 0)
(0 0.068 0)
(0.004166666667 0.068 0)
(0.008333333333 0.068 0)
(0.0125 0.068 0)
(0.01666666667 0.068 0)
(0.02083333333 0.068 0)
(0.025 0.068 0)
(0.02916666667 0.068 0)
(0.03333333333 0.068 0)
(0.0375 0.068 0)
(0.04166666667 0.068 0)
(0.04583333333 0.068 0)
(0.05 0.068 0)
(0 0.072 0)
(0.004166666667 0.072 0)
(0.008333333333 0.072 0)
(0.0125 0.072 0)
(0.01666666667 0.072 0)
(0.02083333333 0.072 0)
(0.025 0.072 0)
(0.02916666667 0.072 0)
(0.03333333333 0.072 0)
(0.0375 0.072 0)
(0.04166666667 0.072 0)
(0.04583333333 0.072 0)
(0.05 0.072 0)
(0 0.076 0)
(0.004166666667 0.076 0)
(0.008333333333 0.076 0)
(0.0125 0.076 0)
(0.01666666667 0.076 0)
(0.02083333333 0.076 0)
(0.025 0.076 0)
(0.02916666667 0.076 0)
(0.03333333333 0.076 0)
(0.0375 0.076 0)
(0.04166666667 0.076 0)
(0.04583333333 0.076 0)
(0.05 0.076 0)
(0 0.08 0)
(0.004166666667 0.08 0)
(0.008333333333 0.08 0)
(0.0125 0.08 0)
(0.01666666667 0.08 0)
(0.02083333333 0.08 0)
(0.025 0.08 0)
(0.02916666667 0.08 0)
(0.03333333333 0.08 0)
(0.0375 0.08 0)
(0.04166666667 0.08 0)
(0.04583333333 0.08 0)
(0.05 0.08 0)
(0 0.084 0)
(0.004166666667 0.084 0)
(0.008333333333 0.084 0)
(0.0125 0.084 0)
(0.01666666667 0.084 0)
(0.02083333333 0.084 0)
(0.025 0.084 0)
(0.02916666667 0.084 0)
(0.03333333333 0.084 0)
(0.0375 0.084 0)
(0.04166666667 0.084 0)
(0.04583333333 0.084 0)
(0.05 0.084 0)
(0 0.088 0)
(0.004166666667 0.088 0)
(0.008333333333 0.088 0)
(0.0125 0.088 0)
(0.01666666667 0.088 0)
(0.02083333333 0.088 0)
(0.025 0.088 0)
(0.02916666667 0.088 0)
(0.03333333333 0.088 0)
(0.0375 0.088 0)
(0.04166666667 0.088 0)
(0.04583333333 0.088 0)
(0.05 0.088 0)
(0 0.092 0)
(0.004166666667 0.092 0)
(0.008333333333 0.092 0)
(0.0125 0.092 0)
(0.01666666667 0.092 0)
(0.02083333333 0.092 0)
(0.025 0.092 0)
(0.02916666667 0.092 0)
(0.03333333333 0.092 0)
(0.0375 0.092 0)
(0.04166666667 0.092 0)
(0.04583333333 0.092 0)
(0.05 0.092 0)
(0 0.096 0)
(0.004166666667 0.096 0)
(0.008333333333 0.096 0)
(0.0125 0.096 0)
(0.01666666667 0.096 0)
(0.02083333333 0.096 0)
(0.025 0.096 0)
(0.02916666667 0.096 0)
(0.03333333333 0.096 0)
(0.0375 0.096 0)
(0.04166666667 0.096 0)
(0.04583333333 0.096 0)
(0.05 0.096 0)
(0 0.1 0)
(0.004166666667 0.1 0)
(0.008333333333 0.1 0)
(0.0125 0.1 0)
(0.01666666667 0.1 0)
(0.02083333333 0.1 0)
(0.025 0.1 0)
(0.02916666667 0.1 0)
(0.03333333333 0.1 0)
(0.0375 0.1 0)
(0.04166666667 0.1 0)
(0.04583333333 0.1 0)
(0.05 0.1 0)
(0 0 0.1)
(0.004166666667 0 0.1)
(0.008333333333 0 0.1)
(0.0125 0 0.1)
(0.01666666667 0 0.1)
(0.02083333333 0 0.1)
(0.025 0 0.1)
(0.02916666667 0 0.1)
(0.03333333333 0 0.1)
(0.0375 0 0.1)
(0.04166666667 0 0.1)
(0.04583333333 0 0.1)
(0.05 0 0.1)
(0 0.004 0.1)
(0.004166666667 0.004 0.1)
(0.008333333333 0.004 0.1)
(0.0125 0.004 0.1)
(0.01666666667 0.004 0.1)
(0.02083333333 0.004 0.1)
(0.025 0.004 0.1)
(0.02916666667 0.004 0.1)
(0.03333333333 0.004 0.1)
(0.0375 0.004 0.1)
(0.04166666667 0.004 0.1)
(0.04583333333 0.004 0.1)
(0.05 0.004 0.1)
(0 0.008 0.1)
(0.004166666667 0.008 0.1)
(0.008333333333 0.008 0.1)
(0.0125 0.008 0.1)
(0.01666666667 0.008 0.1)
(0.02083333333 0.008 0.1)
(0.025 0.008 0.1)
(0.02916666667 0.008 0.1)
(0.03333333333 0.008 0.1)
(0.0375 0.008 0.1)
(0.04166666667 0.008 0.1)
(0.04583333333 0.008 0.1)
(0.05 0.008 0.1)
(0 0.012 0.1)
(0.004166666667 0.012 0.1)
(0.008333333333 0.012 0.1)
(0.0125 0.012 0.1)
(0.01666666667 0.012 0.1)
(0.02083333333 0.012 0.1)
(0.025 0.012 0.1)
(0.02916666667 0.012 0.1)
(0.03333333333 0.012 0.1)
(0.0375 0.012 0.1)
(0.04166666667 0.012 0.1)
(0.04583333333 0.012 0.1)
(0.05 0.012 0.1)
(0 0.016 0.1)
(0.004166666667 0.016 0.1)
(0.008333333333 0.016 0.1)
(0.0125 0.016 0.1)
(0.01666666667 0.016 0.1)
(0.02083333333 0.016 0.1)
(0.025 0.016 0.1)
(0.02916666667 0.016 0.1)
(0.03333333333 0.016 0.1)
(0.0375 0.016 0.1)
(0.04166666667 0.016 0.1)
(0.04583333333 0.016 0.1)
(0.05 0.016 0.1)
(0 0.02 0.1)
(0.004166666667 0.02 0.1)
(0.008333333333 0.02 0.1)
(0.0125 0.02 0.1)
(0.01666666667 0.02 0.1)
(0.02083333333 0.02 0.1)
(0.025 0.02 0.1)
(0.02916666667 0.02 0.1)
(0.03333333333 0.02 0.1)
(0.0375 0.02 0.1)
(0.04166666667 0.02 0.1)
(0.04583333333 0.02 0.1)
(0.05 0.02 0.1)
(0 0.024 0.1)
(0.004166666667 0.024 0.1)
(0.008333333333 0.024 0.1)
(0.0125 0.024 0.1)
(0.01666666667 0.024 0.1)
(0.02083333333 0.024 0.1)
(0.025 0.024 0.1)
(0.02916666667 0.024 0.1)
(0.03333333333 0.024 0.1)
(0.0375 0.024 0.1)
(0.04166666667 0.024 0.1)
(0.04583333333 0.024 0.1)
(0.05 0.024 0.1)
(0 0.028 0.1)
(0.004166666667 0.028 0.1)
(0.008333333333 0.028 0.1)
(0.0125 0.028 0.1)
(0.01666666667 0.028 0.1)
(0.02083333333 0.028 0.1)
(0.025 0.028 0.1)
(0.02916666667 0.028 0.1)
(0.03333333333 0.028 0.1)
(0.0375 0.028 0.1)
(0.04166666667 0.028 0.1)
(0.04583333333 0.028 0.1)
(0.05 0.028 0.1)
(0 0.032 0.1)
(0.004166666667 0.032 0.1)
(0.008333333333 0.032 0.1)
(0.0125 0.032 0.1)
(0.01666666667 0.032 0.1)
(0.02083333333 0.032 0.1)
(0.025 0.032 0.1)
(0.02916666667 0.032 0.1)
(0.03333333333 0.032 0.1)
(0.0375 0.032 0.1)
(0.04166666667 0.032 0.1)
(0.04583333333 0.032 0.1)
(0.05 0.032 0.1)
(0 0.036 0.1)
(0.004166666667 0.036 0.1)
(0.008333333333 0.036 0.1)
(0.0125 0.036 0.1)
(0.01666666667 0.036 0.1)
(0.02083333333 0.036 0.1)
(0.025 0.036 0.1)
(0.02916666667 0.036 0.1)
(0.03333333333 0.036 0.1)
(0.0375 0.036 0.1)
(0.04166666667 0.036 0.1)
(0.04583333333 0.036 0.1)
(0.05 0.036 0.1)
(0 0.04 0.1)
(0.004166666667 0.04 0.1)
(0.008333333333 0.04 0.1)
(0.0125 0.04 0.1)
(0.01666666667 0.04 0.1)
(0.02083333333 0.04 0.1)
(0.025 0.04 0.1)
(0.02916666667 0.04 0.1)
(0.03333333333 0.04 0.1)
(0.0375 0.04 0.1)
(0.04166666667 0.04 0.1)
(0.04583333333 0.04 0.1)
(0.05 0.04 0.1)
(0 0.044 0.1)
(0.004166666667 0.044 0.1)
(0.008333333333 0.044 0.1)
(0.0125 0.044 0.1)
(0.01666666667 0.044 0.1)
(0.02083333333 0.044 0.1)
(0.025 0.044 0.1)
(0.02916666667 0.044 0.1)
(0.03333333333 0.044 0.1)
(0.0375 0.044 0.1)
(0.04166666667 0.044 0.1)
(0.04583333333 0.044 0.1)
(0.05 0.044 0.1)
(0 0.048 0.1)
(0.004166666667 0.048 0.1)
(0.008333333333 0.048 0.1)
(0.0125 0.048 0.1)
(0.01666666667 0.048 0.1)
(0.02083333333 0.048 0.1)
(0.025 0.048 0.1)
(0.02916666667 0.048 0.1)
(0.03333333333 0.048 0.1)
(0.0375 0.048 0.1)
(0.04166666667 0.048 0.1)
(0.04583333333 0.048 0.1)
(0.05 0.048 0.1)
(0 0.052 0.1)
(0.004166666667 0.052 0.1)
(0.008333333333 0.052 0.1)
(0.0125 0.052 0.1)
(0.01666666667 0.052 0.1)
(0.02083333333 0.052 0.1)
(0.025 0.052 0.1)
(0.02916666667 0.052 0.1)
(0.03333333333 0.052 0.1)
(0.0375 0.052 0.1)
(0.04166666667 0.052 0.1)
(0.04583333333 0.052 0.1)
(0.05 0.052 0.1)
(0 0.056 0.1)
(0.004166666667 0.056 0.1)
(0.008333333333 0.056 0.1)
(0.0125 0.056 0.1)
(0.01666666667 0.056 0.1)
(0.02083333333 0.056 0.1)
(0.025 0.056 0.1)
(0.02916666667 0.056 0.1)
(0.03333333333 0.056 0.1)
(0.0375 0.056 0.1)
(0.04166666667 0.056 0.1)
(0.04583333333 0.056 0.1)
(0.05 0.056 0.1)
(0 0.06 0.1)
(0.004166666667 0.06 0.1)
(0.008333333333 0.06 0.1)
(0.0125 0.06 0.1)
(0.01666666667 0.06 0.1)
(0.02083333333 0.06 0.1)
(0.025 0.06 0.1)
(0.02916666667 0.06 0.1)
(0.03333333333 0.06 0.1)
(0.0375 0.06 0.1)
(0.04166666667 0.06 0.1)
(0.04583333333 0.06 0.1)
(0.05 0.06 0.1)
(0 0.064 0.1)
(0.004166666667 0.064 0.1)
(0.008333333333 0.064 0.1)
(0.0125 0.064 0.1)
(0.01666666667 0.064 0.1)
(0.02083333333 0.064 0.1)
(0.025 0.064 0.1)
(0.02916666667 0.064 0.1)
(0.03333333333 0.064 0.1)
(0.0375 0.064 0.1)
(0.04166666667 0.064 0.1)
(0.04583333333 0.064 0.1)
(0.05 0.064 0.1)
(0 0.068 0.1)
(0.004166666667 0.068 0.1)
(0.008333333333 0.068 0.1)
(0.0125 0.068 0.1)
(0.01666666667 0.068 0.1)
(0.02083333333 0.068 0.1)
(0.025 0.068 0.1)
(0.02916666667 0.068 0.1)
(0.03333333333 0.068 0.1)
(0.0375 0.068 0.1)
(0.04166666667 0.068 0.1)
(0.04583333333 0.068 0.1)
(0.05 0.068 0.1)
(0 0.072 0.1)
(0.004166666667 0.072 0.1)
(0.008333333333 0.072 0.1)
(0.0125 0.072 0.1)
(0.01666666667 0.072 0.1)
(0.02083333333 0.072 0.1)
(0.025 0.072 0.1)
(0.02916666667 0.072 0.1)
(0.03333333333 0.072 0.1)
(0.0375 0.072 0.1)
(0.04166666667 0.072 0.1)
(0.04583333333 0.072 0.1)
(0.05 0.072 0.1)
(0 0.076 0.1)
(0.004166666667 0.076 0.1)
(0.008333333333 0.076 0.1)
(0.0125 0.076 0.1)
(0.01666666667 0.076 0.1)
(0.02083333333 0.076 0.1)
(0.025 0.076 0.1)
(0.02916666667 0.076 0.1)
(0.03333333333 0.076 0.1)
(0.0375 0.076 0.1)
(0.04166666667 0.076 0.1)
(0.04583333333 0.076 0.1)
(0.05 0.076 0.1)
(0 0.08 0.1)
(0.004166666667 0.08 0.1)
(0.008333333333 0.08 0.1)
(0.0125 0.08 0.1)
(0.01666666667 0.08 0.1)
(0.02083333333 0.08 0.1)
(0.025 0.08 0.1)
(0.02916666667 0.08 0.1)
(0.03333333333 0.08 0.1)
(0.0375 0.08 0.1)
(0.04166666667 0.08 0.1)
(0.04583333333 0.08 0.1)
(0.05 0.08 0.1)
(0 0.084 0.1)
(0.004166666667 0.084 0.1)
(0.008333333333 0.084 0.1)
(0.0125 0.084 0.1)
(0.01666666667 0.084 0.1)
(0.02083333333 0.084 0.1)
(0.025 0.084 0.1)
(0.02916666667 0.084 0.1)
(0.03333333333 0.084 0.1)
(0.0375 0.084 0.1)
(0.04166666667 0.084 0.1)
(0.04583333333 0.084 0.1)
(0.05 0.084 0.1)
(0 0.088 0.1)
(0.004166666667 0.088 0.1)
(0.008333333333 0.088 0.1)
(0.0125 0.088 0.1)
(0.01666666667 0.088 0.1)
(0.02083333333 0.088 0.1)
(0.025 0.088 0.1)
(0.02916666667 0.088 0.1)
(0.03333333333 0.088 0.1)
(0.0375 0.088 0.1)
(0.04166666667 0.088 0.1)
(0.04583333333 0.088 0.1)
(0.05 0.088 0.1)
(0 0.092 0.1)
(0.004166666667 0.092 0.1)
(0.008333333333 0.092 0.1)
(0.0125 0.092 0.1)
(0.01666666667 0.092 0.1)
(0.02083333333 0.092 0.1)
(0.025 0.092 0.1)
(0.02916666667 0.092 0.1)
(0.03333333333 0.092 0.1)
(0.0375 0.092 0.1)
(0.04166666667 0.092 0.1)
(0.04583333333 0.092 0.1)
(0.05 0.092 0.1)
(0 0.096 0.1)
(0.004166666667 0.096 0.1)
(0.008333333333 0.096 0.1)
(0.0125 0.096 0.1)
(0.01666666667 0.096 0.1)
(0.02083333333 0.096 0.1)
(0.025 0.096 0.1)
(0.02916666667 0.096 0.1)
(0.03333333333 0.096 0.1)
(0.0375 0.096 0.1)
(0.04166666667 0.096 0.1)
(0.04583333333 0.096 0.1)
(0.05 0.096 0.1)
(0 0.1 0.1)
(0.004166666667 0.1 0.1)
(0.008333333333 0.1 0.1)
(0.0125 0.1 0.1)
(0.01666666667 0.1 0.1)
(0.02083333333 0.1 0.1)
(0.025 0.1 0.1)
(0.02916666667 0.1 0.1)
(0.03333333333 0.1 0.1)
(0.0375 0.1 0.1)
(0.04166666667 0.1 0.1)
(0.04583333333 0.1 0.1)
(0.05 0.1 0.1)
(0.05416666667 0 0)
(0.05833333333 0 0)
(0.0625 0 0)
(0.06666666667 0 0)
(0.07083333333 0 0)
(0.075 0 0)
(0.07916666667 0 0)
(0.08333333333 0 0)
(0.0875 0 0)
(0.09166666667 0 0)
(0.09583333333 0 0)
(0.1 0 0)
(0.05416666667 0.004 0)
(0.05833333333 0.004 0)
(0.0625 0.004 0)
(0.06666666667 0.004 0)
(0.07083333333 0.004 0)
(0.075 0.004 0)
(0.07916666667 0.004 0)
(0.08333333333 0.004 0)
(0.0875 0.004 0)
(0.09166666667 0.004 0)
(0.09583333333 0.004 0)
(0.1 0.004 0)
(0.05416666667 0.008 0)
(0.05833333333 0.008 0)
(0.0625 0.008 0)
(0.06666666667 0.008 0)
(0.07083333333 0.008 0)
(0.075 0.008 0)
(0.07916666667 0.008 0)
(0.08333333333 0.008 0)
(0.0875 0.008 0)
(0.09166666667 0.008 0)
(0.09583333333 0.008 0)
(0.1 0.008 0)
(0.05416666667 0.012 0)
(0.05833333333 0.012 0)
(0.0625 0.012 0)
(0.06666666667 0.012 0)
(0.07083333333 0.012 0)
(0.075 0.012 0)
(0.07916666667 0.012 0)
(0.08333333333 0.012 0)
(0.0875 0.012 0)
(0.09166666667 0.012 0)
(0.09583333333 0.012 0)
(0.1 0.012 0)
(0.05416666667 0.016 0)
(0.05833333333 0.016 0)
(0.0625 0.016 0)
(0.06666666667 0.016 0)
(0.07083333333 0.016 0)
(0.075 0.016 0)
(0.07916666667 0.016 0)
(0.08333333333 0.016 0)
(0.0875 0.016 0)
(0.09166666667 0.016 0)
(0.09583333333 0.016 0)
(0.1 0.016 0)
(0.05416666667 0.02 0)
(0.05833333333 0.02 0)
(0.0625 0.02 0)
(0.06666666667 0.02 0)
(0.07083333333 0.02 0)
(0.075 0.02 0)
(0.07916666667 0.02 0)
(0.08333333333 0.02 0)
(0.0875 0.02 0)
(0.09166666667 0.02 0)
(0.09583333333 0.02 0)
(0.1 0.02 0)
(0.05416666667 0.024 0)
(0.05833333333 0.024 0)
(0.0625 0.024 0)
(0.06666666667 0.024 0)
(0.07083333333 0.024 0)
(0.075 0.024 0)
(0.07916666667 0.024 0)
(0.08333333333 0.024 0)
(0.0875 0.024 0)
(0.09166666667 0.024 0)
(0.09583333333 0.024 0)
(0.1 0.024 0)
(0.05416666667 0.028 0)
(0.05833333333 0.028 0)
(0.0625 0.028 0)
(0.06666666667 0.028 0)
(0.07083333333 0.028 0)
(0.075 0.028 0)
(0.07916666667 0.028 0)
(0.08333333333 0.028 0)
(0.0875 0.028 0)
(0.09166666667 0.028 0)
(0.09583333333 0.028 0)
(0.1 0.028 0)
(0.05416666667 0.032 0)
(0.05833333333 0.032 0)
(0.0625 0.032 0)
(0.06666666667 0.032 0)
(0.07083333333 0.032 0)
(0.075 0.032 0)
(0.07916666667 0.032 0)
(0.08333333333 0.032 0)
(0.0875 0.032 0)
(0.09166666667 0.032 0)
(0.09583333333 0.032 0)
(0.1 0.032 0)
(0.05416666667 0.036 0)
(0.05833333333 0.036 0)
(0.0625 0.036 0)
(0.06666666667 0.036 0)
(0.07083333333 0.036 0)
(0.075 0.036 0)
(0.07916666667 0.036 0)
(0.08333333333 0.036 0)
(0.0875 0.036 0)
(0.09166666667 0.036 0)
(0.09583333333 0.036 0)
(0.1 0.036 0)
(0.05416666667 0.04 0)
(0.05833333333 0.04 0)
(0.0625 0.04 0)
(0.06666666667 0.04 0)
(0.07083333333 0.04 0)
(0.075 0.04 0)
(0.07916666667 0.04 0)
(0.08333333333 0.04 0)
(0.0875 0.04 0)
(0.09166666667 0.04 0)
(0.09583333333 0.04 0)
(0.1 0.04 0)
(0.05416666667 0.044 0)
(0.05833333333 0.044 0)
(0.0625 0.044 0)
(0.06666666667 0.044 0)
(0.07083333333 0.044 0)
(0.075 0.044 0)
(0.07916666667 0.044 0)
(0.08333333333 0.044 0)
(0.0875 0.044 0)
(0.09166666667 0.044 0)
(0.09583333333 0.044 0)
(0.1 0.044 0)
(0.05416666667 0.048 0)
(0.05833333333 0.048 0)
(0.0625 0.048 0)
(0.06666666667 0.048 0)
(0.07083333333 0.048 0)
(0.075 0.048 0)
(0.07916666667 0.048 0)
(0.08333333333 0.048 0)
(0.0875 0.048 0)
(0.09166666667 0.048 0)
(0.09583333333 0.048 0)
(0.1 0.048 0)
(0.05416666667 0.052 0)
(0.05833333333 0.052 0)
(0.0625 0.052 0)
(0.06666666667 0.052 0)
(0.07083333333 0.052 0)
(0.075 0.052 0)
(0.07916666667 0.052 0)
(0.08333333333 0.052 0)
(0.0875 0.052 0)
(0.09166666667 0.052 0)
(0.09583333333 0.052 0)
(0.1 0.052 0)
(0.05416666667 0.056 0)
(0.05833333333 0.056 0)
(0.0625 0.056 0)
(0.06666666667 0.056 0)
(0.07083333333 0.056 0)
(0.075 0.056 0)
(0.07916666667 0.056 0)
(0.08333333333 0.056 0)
(0.0875 0.056 0)
(0.09166666667 0.056 0)
(0.09583333333 0.056 0)
(0.1 0.056 0)
(0.05416666667 0.06 0)
(0.05833333333 0.06 0)
(0.0625 0.06 0)
(0.06666666667 0.06 0)
(0.07083333333 0.06 0)
(0.075 0.06 0)
(0.07916666667 0.06 0)
(0.08333333333 0.06 0)
(0.0875 0.06 0)
(0.09166666667 0.06 0)
(0.09583333333 0.06 0)
(0.1 0.06 0)
(0.05416666667 0.064 0)
(0.05833333333 0.064 0)
(0.0625 0.064 0)
(0.06666666667 0.064 0)
(0.07083333333 0.064 0)
(0.075 0.064 0)
(0.07916666667 0.064 0)
(0.08333333333 0.064 0)
(0.0875 0.064 0)
(0.09166666667 0.064 0)
(0.09583333333 0.064 0)
(0.1 0.064 0)
(0.05416666667 0.068 0)
(0.05833333333 0.068 0)
(0.0625 0.068 0)
(0.06666666667 0.068 0)
(0.07083333333 0.068 0)
(0.075 0.068 0)
(0.07916666667 0.068 0)
(0.08333333333 0.068 0)
(0.0875 0.068 0)
(0.09166666667 0.068 0)
(0.09583333333 0.068 0)
(0.1 0.068 0)
(0.05416666667 0.072 0)
(0.05833333333 0.072 0)
(0.0625 0.072 0)
(0.06666666667 0.072 0)
(0.07083333333 0.072 0)
(0.075 0.072 0)
(0.07916666667 0.072 0)
(0.08333333333 0.072 0)
(0.0875 0.072 0)
(0.09166666667 0.072 0)
(0.09583333333 0.072 0)
(0.1 0.072 0)
(0.05416666667 0.076 0)
(0.05833333333 0.076 0)
(0.0625 0.076 0)
(0.06666666667 0.076 0)
(0.07083333333 0.076 0)
(0.075 0.076 0)
(0.07916666667 0.076 0)
(0.08333333333 0.076 0)
(0.0875 0.076 0)
(0.09166666667 0.076 0)
(0.09583333333 0.076 0)
(0.1 0.076 0)
(0.05416666667 0.08 0)
(0.05833333333 0.08 0)
(0.0625 0.08 0)
(0.06666666667 0.08 0)
(0.07083333333 0.08 0)
(0.075 0.08 0)
(0.07916666667 0.08 0)
(0.08333333333 0.08 0)
(0.0875 0.08 0)
(0.09166666667 0.08 0)
(0.09583333333 0.08 0)
(0.1 0.08 0)
(0.05416666667 0.084 0)
(0.05833333333 0.084 0)
(0.0625 0.084 0)
(0.06666666667 0.084 0)
(0.07083333333 0.084 0)
(0.075 0.084 0)
(0.07916666667 0.084 0)
(0.08333333333 0.084 0)
(0.0875 0.084 0)
(0.09166666667 0.084 0)
(0.09583333333 0.084 0)
(0.1 0.084 0)
(0.05416666667 0.088 0)
(0.05833333333 0.088 0)
(0.0625 0.088 0)
(0.06666666667 0.088 0)
(0.07083333333 0.088 0)
(0.075 0.088 0)
(0.07916666667 0.088 0)
(0.08333333333 0.088 0)
(0.0875 0.088 0)
(0.09166666667 0.088 0)
(0.09583333333 0.088 0)
(0.1 0.088 0)
(0.05416666667 0.092 0)
(0.05833333333 0.092 0)
(0.0625 0.092 0)
(0.06666666667 0.092 0)
(0.07083333333 0.092 0)
(0.075 0.092 0)
(0.07916666667 0.092 0)
(0.08333333333 0.092 0)
(0.0875 0.092 0)
(0.09166666667 0.092 0)
(0.09583333333 0.092 0)
(0.1 0.092 0)
(0.05416666667 0.096 0)
(0.05833333333 0.096 0)
(0.0625 0.096 0)
(0.06666666667 0.096 0)
(0.07083333333 0.096 0)
(0.075 0.096 0)
(0.07916666667 0.096 0)
(0.08333333333 0.096 0)
(0.0875 0.096 0)
(0.09166666667 0.096 0)
(0.09583333333 0.096 0)
(0.1 0.096 0)
(0.05416666667 0.1 0)
(0.05833333333 0.1 0)
(0.0625 0.1 0)
(0.06666666667 0.1 0)
(0.07083333333 0.1 0)
(0.075 0.1 0)
(0.07916666667 0.1 0)
(0.08333333333 0.1 0)
(0.0875 0.1 0)
(0.09166666667 0.1 0)
(0.09583333333 0.1 0)
(0.1 0.1 0)
(0.05416666667 0 0.1)
(0.05833333333 0 0.1)
(0.0625 0 0.1)
(0.06666666667 0 0.1)
(0.07083333333 0 0.1)
(0.075 0 0.1)
(0.07916666667 0 0.1)
(0.08333333333 0 0.1)
(0.0875 0 0.1)
(0.09166666667 0 0.1)
(0.09583333333 0 0.1)
(0.1 0 0.1)
(0.05416666667 0.004 0.1)
(0.05833333333 0.004 0.1)
(0.0625 0.004 0.1)
(0.06666666667 0.004 0.1)
(0.07083333333 0.004 0.1)
(0.075 0.004 0.1)
(0.07916666667 0.004 0.1)
(0.08333333333 0.004 0.1)
(0.0875 0.004 0.1)
(0.09166666667 0.004 0.1)
(0.09583333333 0.004 0.1)
(0.1 0.004 0.1)
(0.05416666667 0.008 0.1)
(0.05833333333 0.008 0.1)
(0.0625 0.008 0.1)
(0.06666666667 0.008 0.1)
(0.07083333333 0.008 0.1)
(0.075 0.008 0.1)
(0.07916666667 0.008 0.1)
(0.08333333333 0.008 0.1)
(0.0875 0.008 0.1)
(0.09166666667 0.008 0.1)
(0.09583333333 0.008 0.1)
(0.1 0.008 0.1)
(0.05416666667 0.012 0.1)
(0.05833333333 0.012 0.1)
(0.0625 0.012 0.1)
(0.06666666667 0.012 0.1)
(0.07083333333 0.012 0.1)
(0.075 0.012 0.1)
(0.07916666667 0.012 0.1)
(0.08333333333 0.012 0.1)
(0.0875 0.012 0.1)
(0.09166666667 0.012 0.1)
(0.09583333333 0.012 0.1)
(0.1 0.012 0.1)
(0.05416666667 0.016 0.1)
(0.05833333333 0.016 0.1)
(0.0625 0.016 0.1)
(0.06666666667 0.016 0.1)
(0.07083333333 0.016 0.1)
(0.075 0.016 0.1)
(0.07916666667 0.016 0.1)
(0.08333333333 0.016 0.1)
(0.0875 0.016 0.1)
(0.09166666667 0.016 0.1)
(0.09583333333 0.016 0.1)
(0.1 0.016 0.1)
(0.05416666667 0.02 0.1)
(0.05833333333 0.02 0.1)
(0.0625 0.02 0.1)
(0.06666666667 0.02 0.1)
(0.07083333333 0.02 0.1)
(0.075 0.02 0.1)
(0.07916666667 0.02 0.1)
(0.08333333333 0.02 0.1)
(0.0875 0.02 0.1)
(0.09166666667 0.02 0.1)
(0.09583333333 0.02 0.1)
(0.1 0.02 0.1)
(0.05416666667 0.024 0.1)
(0.05833333333 0.024 0.1)
(0.0625 0.024 0.1)
(0.06666666667 0.024 0.1)
(0.07083333333 0.024 0.1)
(0.075 0.024 0.1)
(0.07916666667 0.024 0.1)
(0.08333333333 0.024 0.1)
(0.0875 0.024 0.1)
(0.09166666667 0.024 0.1)
(0.09583333333 0.024 0.1)
(0.1 0.024 0.1)
(0.05416666667 0.028 0.1)
(0.05833333333 0.028 0.1)
(0.0625 0.028 0.1)
(0.06666666667 0.028 0.1)
(0.07083333333 0.028 0.1)
(0.075 0.028 0.1)
(0.07916666667 0.028 0.1)
(0.08333333333 0.028 0.1)
(0.0875 0.028 0.1)
(0.09166666667 0.028 0.1)
(0.09583333333 0.028 0.1)
(0.1 0.028 0.1)
(0.05416666667 0.032 0.1)
(0.05833333333 0.032 0.1)
(0.0625 0.032 0.1)
(0.06666666667 0.032 0.1)
(0.07083333333 0.032 0.1)
(0.075 0.032 0.1)
(0.07916666667 0.032 0.1)
(0.08333333333 0.032 0.1)
(0.0875 0.032 0.1)
(0.09166666667 0.032 0.1)
(0.09583333333 0.032 0.1)
(0.1 0.032 0.1)
(0.05416666667 0.036 0.1)
(0.05833333333 0.036 0.1)
(0.0625 0.036 0.1)
(0.06666666667 0.036 0.1)
(0.07083333333 0.036 0.1)
(0.075 0.036 0.1)
(0.07916666667 0.036 0.1)
(0.08333333333 0.036 0.1)
(0.0875 0.036 0.1)
(0.09166666667 0.036 0.1)
(0.09583333333 0.036 0.1)
(0.1 0.036 0.1)
(0.05416666667 0.04 0.1)
(0.05833333333 0.04 0.1)
(0.0625 0.04 0.1)
(0.06666666667 0.04 0.1)
(0.07083333333 0.04 0.1)
(0.075 0.04 0.1)
(0.07916666667 0.04 0.1)
(0.08333333333 0.04 0.1)
(0.0875 0.04 0.1)
(0.09166666667 0.04 0.1)
(0.09583333333 0.04 0.1)
(0.1 0.04 0.1)
(0.05416666667 0.044 0.1)
(0.05833333333 0.044 0.1)
(0.0625 0.044 0.1)
(0.06666666667 0.044 0.1)
(0.07083333333 0.044 0.1)
(0.075 0.044 0.1)
(0.07916666667 0.044 0.1)
(0.08333333333 0.044 0.1)
(0.0875 0.044 0.1)
(0.09166666667 0.044 0.1)
(0.09583333333 0.044 0.1)
(0.1 0.044 0.1)
(0.05416666667 0.048 0.1)
(0.05833333333 0.048 0.1)
(0.0625 0.048 0.1)
(0.06666666667 0.048 0.1)
(0.07083333333 0.048 0.1)
(0.075 0.048 0.1)
(0.07916666667 0.048 0.1)
(0.08333333333 0.048 0.1)
(0.0875 0.048 0.1)
(0.09166666667 0.048 0.1)
(0.09583333333 0.048 0.1)
(0.1 0.048 0.1)
(0.05416666667 0.052 0.1)
(0.05833333333 0.052 0.1)
(0.0625 0.052 0.1)
(0.06666666667 0.052 0.1)
(0.07083333333 0.052 0.1)
(0.075 0.052 0.1)
(0.07916666667 0.052 0.1)
(0.08333333333 0.052 0.1)
(0.0875 0.052 0.1)
(0.09166666667 0.052 0.1)
(0.09583333333 0.052 0.1)
(0.1 0.052 0.1)
(0.05416666667 0.056 0.1)
(0.05833333333 0.056 0.1)
(0.0625 0.056 0.1)
(0.06666666667 0.056 0.1)
(0.07083333333 0.056 0.1)
(0.075 0.056 0.1)
(0.07916666667 0.056 0.1)
(0.08333333333 0.056 0.1)
(0.0875 0.056 0.1)
(0.09166666667 0.056 0.1)
(0.09583333333 0.056 0.1)
(0.1 0.056 0.1)
(0.05416666667 0.06 0.1)
(0.05833333333 0.06 0.1)
(0.0625 0.06 0.1)
(0.06666666667 0.06 0.1)
(0.07083333333 0.06 0.1)
(0.075 0.06 0.1)
(0.07916666667 0.06 0.1)
(0.08333333333 0.06 0.1)
(0.0875 0.06 0.1)
(0.09166666667 0.06 0.1)
(0.09583333333 0.06 0.1)
(0.1 0.06 0.1)
(0.05416666667 0.064 0.1)
(0.05833333333 0.064 0.1)
(0.0625 0.064 0.1)
(0.06666666667 0.064 0.1)
(0.07083333333 0.064 0.1)
(0.075 0.064 0.1)
(0.07916666667 0.064 0.1)
(0.08333333333 0.064 0.1)
(0.0875 0.064 0.1)
(0.09166666667 0.064 0.1)
(0.09583333333 0.064 0.1)
(0.1 0.064 0.1)
(0.05416666667 0.068 0.1)
(0.05833333333 0.068 0.1)
(0.0625 0.068 0.1)
(0.06666666667 0.068 0.1)
(0.07083333333 0.068 0.1)
(0.075 0.068 0.1)
(0.07916666667 0.068 0.1)
(0.08333333333 0.068 0.1)
(0.0875 0.068 0.1)
(0.09166666667 0.068 0.1)
(0.09583333333 0.068 0.1)
(0.1 0.068 0.1)
(0.05416666667 0.072 0.1)
(0.05833333333 0.072 0.1)
(0.0625 0.072 0.1)
(0.06666666667 0.072 0.1)
(0.07083333333 0.072 0.1)
(0.075 0.072 0.1)
(0.07916666667 0.072 0.1)
(0.08333333333 0.072 0.1)
(0.0875 0.072 0.1)
(0.09166666667 0.072 0.1)
(0.09583333333 0.072 0.1)
(0.1 0.072 0.1)
(0.05416666667 0.076 0.1)
(0.05833333333 0.076 0.1)
(0.0625 0.076 0.1)
(0.06666666667 0.076 0.1)
(0.07083333333 0.076 0.1)
(0.075 0.076 0.1)
(0.07916666667 0.076 0.1)
(0.08333333333 0.076 0.1)
(0.0875 0.076 0.1)
(0.09166666667 0.076 0.1)
(0.09583333333 0.076 0.1)
(0.1 0.076 0.1)
(0.05416666667 0.08 0.1)
(0.05833333333 0.08 0.1)
(0.0625 0.08 0.1)
(0.06666666667 0.08 0.1)
(0.07083333333 0.08 0.1)
(0.075 0.08 0.1)
(0.07916666667 0.08 0.1)
(0.08333333333 0.08 0.1)
(0.0875 0.08 0.1)
(0.09166666667 0.08 0.1)
(0.09583333333 0.08 0.1)
(0.1 0.08 0.1)
(0.05416666667 0.084 0.1)
(0.05833333333 0.084 0.1)
(0.0625 0.084 0.1)
(0.06666666667 0.084 0.1)
(0.07083333333 0.084 0.1)
(0.075 0.084 0.1)
(0.07916666667 0.084 0.1)
(0.08333333333 0.084 0.1)
(0.0875 0.084 0.1)
(0.09166666667 0.084 0.1)
(0.09583333333 0.084 0.1)
(0.1 0.084 0.1)
(0.05416666667 0.088 0.1)
(0.05833333333 0.088 0.1)
(0.0625 0.088 0.1)
(0.06666666667 0.088 0.1)
(0.07083333333 0.088 0.1)
(0.075 0.088 0.1)
(0.07916666667 0.088 0.1)
(0.08333333333 0.088 0.1)
(0.0875 0.088 0.1)
(0.09166666667 0.088 0.1)
(0.09583333333 0.088 0.1)
(0.1 0.088 0.1)
(0.05416666667 0.092 0.1)
(0.05833333333 0.092 0.1)
(0.0625 0.092 0.1)
(0.06666666667 0.092 0.1)
(0.07083333333 0.092 0.1)
(0.075 0.092 0.1)
(0.07916666667 0.092 0.1)
(0.08333333333 0.092 0.1)
(0.0875 0.092 0.1)
(0.09166666667 0.092 0.1)
(0.09583333333 0.092 0.1)
(0.1 0.092 0.1)
(0.05416666667 0.096 0.1)
(0.05833333333 0.096 0.1)
(0.0625 0.096 0.1)
(0.06666666667 0.096 0.1)
(0.07083333333 0.096 0.1)
(0.075 0.096 0.1)
(0.07916666667 0.096 0.1)
(0.08333333333 0.096 0.1)
(0.0875 0.096 0.1)
(0.09166666667 0.096 0.1)
(0.09583333333 0.096 0.1)
(0.1 0.096 0.1)
(0.05416666667 0.1 0.1)
(0.05833333333 0.1 0.1)
(0.0625 0.1 0.1)
(0.06666666667 0.1 0.1)
(0.07083333333 0.1 0.1)
(0.075 0.1 0.1)
(0.07916666667 0.1 0.1)
(0.08333333333 0.1 0.1)
(0.0875 0.1 0.1)
(0.09166666667 0.1 0.1)
(0.09583333333 0.1 0.1)
(0.1 0.1 0.1)
)


// ************************************************************************* //
